2.278443835914134921e-02
1.912443405389785758e-02
1.854704308986663761e-02
1.817782608509063702e-02
1.778971559762954763e-02
1.757553001523017716e-02
1.727393759310245566e-02
1.692702750265598355e-02
1.669377736985683605e-02
1.640795333862304570e-02
1.619144641041755581e-02
1.591540115058422133e-02
1.573156915426254104e-02
1.546735057324171055e-02
1.521393988758325613e-02
1.497599986732006151e-02
1.479518180608749463e-02
1.455917662382125860e-02
1.441156595200300192e-02
1.420888329863548294e-02
1.407821832776069704e-02
1.397914087772369335e-02
1.381350975096225751e-02
1.371740608811378506e-02
1.352349404931068449e-02
1.341241190373897510e-02
1.334148722231388168e-02
1.324644819736480773e-02
1.314489822089672140e-02
1.306302656054496823e-02
1.298147542148828451e-02
1.292622681438922866e-02
1.285550792813301008e-02
1.277863352209329673e-02
1.275136161118745753e-02
1.271897813618183201e-02
1.266185919582843780e-02
1.261187984615564327e-02
1.256864855587482531e-02
1.254667617589235243e-02
1.248201925039291345e-02
1.246877121984958647e-02
1.242712131261825524e-02
1.236421472847461754e-02
1.236699466019868833e-02
1.232389015227556249e-02
1.229340620338916813e-02
1.220010607302188937e-02
1.220029512166976964e-02
1.215486672401428284e-02
1.210869482636451645e-02
1.210779885411262559e-02
1.205530651539564110e-02
1.203845071002841022e-02
1.196529471397399930e-02
1.195758804082870490e-02
1.193486337035894358e-02
1.187810812175273817e-02
1.189197244703769744e-02
1.181906750679016099e-02
1.183250124275684288e-02
1.175570429623126918e-02
1.173985808908939443e-02
1.173271038949489677e-02
1.168879433870315468e-02
1.168384819328784942e-02
1.165199450969696057e-02
1.164305539906024950e-02
1.158955574929714134e-02
1.157387784570455477e-02
1.155504935741424530e-02
1.152655963420867909e-02
1.151750325202941828e-02
1.148592637181282058e-02
1.147505070328712524e-02
1.147190744817256844e-02
1.144793371647596404e-02
1.142546203136444137e-02
1.140163135111331959e-02
1.138285235911607775e-02
1.137413866281509339e-02
1.132368575453758172e-02
1.132739336550235738e-02
1.132311030626297066e-02
1.129055461943149520e-02
1.128987699836492622e-02
1.125554098248481710e-02
1.122689144492149300e-02
1.121877590209245656e-02
1.117711339205503494e-02
1.118847158014774253e-02
1.115015762776136454e-02
1.113710563898086606e-02
1.111867553055286353e-02
1.112406907916069047e-02
1.108936393976211500e-02
1.106885202288627676e-02
1.105365680932998695e-02
1.103751645475625938e-02
1.100556889355182658e-02
1.097582405120134386e-02
1.097661499053239828e-02
1.096287879228591972e-02
1.091505645990371691e-02
1.090391314089298250e-02
1.085964169681072171e-02
1.086066006898880019e-02
1.081926202014088685e-02
1.081541499733924827e-02
1.079134080022573459e-02
1.076114608645439147e-02
1.073587347149848950e-02
1.070015447497367836e-02
1.068051736831665023e-02
1.062861435472965167e-02
1.062172294199466641e-02
1.058949216783046723e-02
1.057576307654380793e-02
1.054993610531091731e-02
1.054211340844631202e-02
1.048216817110776862e-02
1.049218529000878371e-02
1.046102326959371526e-02
1.044086917221546257e-02
1.043372543469071358e-02
1.040606103301048267e-02
1.036005849301815072e-02
1.036119034856557847e-02
1.034607847750186951e-02
1.031001788735389640e-02
1.030843020528554935e-02
1.031879368066787768e-02
1.027179274976253512e-02
1.028751148045062985e-02
1.023355453789234239e-02
1.022157934069633546e-02
1.020473240613937321e-02
1.020512508451938694e-02
1.020087503552436804e-02
1.016197189867496485e-02
1.017405483007430972e-02
1.016120465636253384e-02
1.014146151274442596e-02
1.013943590253591452e-02
1.011526468366384483e-02
1.010538143932819370e-02
1.009508873105049130e-02
1.006844236284494369e-02
1.006415661662816985e-02
1.005549927204847302e-02
1.004182182192802503e-02
1.004837448894977531e-02
1.002555546328425494e-02
1.003391274899244345e-02
1.001910537630319557e-02
9.985866746008396910e-03
9.990763207674027008e-03
9.979709575772285554e-03
9.976971901655197830e-03
9.991550917029381335e-03
9.971173432469367451e-03
9.924384303390980377e-03
9.947034958899021381e-03
9.913076097965239919e-03
9.905418724417686463e-03
9.901523991823197104e-03
9.893549529016018237e-03
9.896517527997493457e-03
9.868859321773051571e-03
9.882384302914142687e-03
9.883385462462902782e-03
9.836856722235678974e-03
9.847506433427334616e-03
9.849999302029609563e-03
9.857098772823810057e-03
9.830853542387486127e-03
9.842591457366944158e-03
9.807726049125194481e-03
9.805558388829231642e-03
9.802952321022748508e-03
9.796727828383445039e-03
9.801399731040001673e-03
9.789967722892761390e-03
9.785314620137213967e-03
9.770504887402057387e-03
9.779292505085468434e-03
9.760142267644406067e-03
9.750551968961953739e-03
9.733986311256884877e-03
9.738472332656383096e-03
9.732272941172123021e-03
9.716061182618140890e-03
9.730268303751945722e-03
9.736379847526550543e-03
9.730584616661071620e-03
9.713858412504196294e-03
9.700824709385633821e-03
9.703824499547481289e-03
9.691881112307310434e-03
9.701485978960991408e-03
9.684693852961064053e-03
9.669979947805404027e-03
9.679671069383621179e-03
9.668095458298921197e-03
9.673939565718173150e-03
9.674501928091048739e-03
9.659862234592437452e-03
9.658790988326072455e-03
9.659432891905307336e-03
9.628211376667023327e-03
9.638242541849613779e-03
9.630841796696185814e-03
9.610520178675651531e-03
9.624307039082050444e-03
9.625106577575206004e-03
9.615905900895595215e-03
9.600414999127388285e-03
9.613608654290436983e-03
9.606601636111735537e-03
9.601455784440040761e-03
9.596513904631138320e-03
9.592324454188347685e-03
9.591550769209861507e-03
9.591821637749671156e-03
9.587967661023140062e-03
9.582943823933601918e-03
9.582192046344280636e-03
9.577229551672936103e-03
9.566825567930937677e-03
9.573820156753063901e-03
9.552250454425811194e-03
9.563979971408844219e-03
9.556711714565754509e-03
9.548995978683232772e-03
9.547817427814006552e-03
9.529012645184993871e-03
9.544683443605900264e-03
9.526304768621922381e-03
9.534826765358448211e-03
9.537897912263870390e-03
9.530515431463718740e-03
9.535934078991413487e-03
9.514938079118729491e-03
9.522595202326775143e-03
9.512965998649597008e-03
9.522882023006678034e-03
9.533510483205318020e-03
9.513365182876586459e-03
9.505029854774475068e-03
9.501353158950806219e-03
9.489321777820587667e-03
9.504794949889183373e-03
9.497715778946876075e-03
9.489638369083404357e-03
9.481926880180836098e-03
9.498323360681534475e-03
9.486761441826819727e-03
9.463702798783779624e-03
9.477134957313537375e-03
9.478583982586861328e-03
9.470688054859639077e-03
9.462928094416856936e-03
9.472198319137096340e-03
9.476199762225150439e-03
9.451382759511470569e-03
9.439676757007837635e-03
9.453735528290272208e-03
9.457047885358333197e-03
9.464913166165352457e-03
9.450991417169570322e-03
9.450756929814814813e-03
9.439335822165011505e-03
9.435258840471506814e-03
9.432623581588268219e-03
9.456904258728027202e-03
9.428792479634285489e-03
9.435429990440606651e-03
9.432440081238746901e-03
9.432591798901558341e-03
9.430556039661169843e-03
9.420197686553001895e-03
9.417159028649330771e-03
9.402928144633769872e-03
9.423116304874419591e-03
9.424397064745425323e-03
9.403311748504639481e-03
9.425896499007940452e-03
9.411261984109879283e-03
9.398142378032207922e-03
9.409180114865302660e-03
9.398791922330855877e-03
9.393142895400524717e-03
9.399369521141051620e-03
9.394511833786964305e-03
9.392072519063949382e-03
9.400612176954746893e-03
9.395089721381665038e-03
9.382433193325996623e-03
9.389825159013270514e-03
9.377808746993541306e-03
9.374658815264702225e-03
9.370597427040338462e-03
9.383897710740565778e-03
9.360884305834770575e-03
9.356453453004360404e-03
9.374572219997644520e-03
9.375799254626036167e-03
9.362983555197715996e-03
9.366459531784058351e-03
9.363496619760989723e-03
9.350066262781620008e-03
9.362835778594017291e-03
9.360102883130312287e-03
9.349769406914711090e-03
9.354145889878272974e-03
9.346922304779290910e-03
9.361526683866977158e-03
9.346946026086806400e-03
9.355072756260632977e-03
9.334722482562065118e-03
9.348461318016051610e-03
9.332459594011306703e-03
9.332764367163182140e-03
9.320913027822971472e-03
9.340333243012428899e-03
9.335909748673439090e-03
9.328442141711711100e-03
9.316795087456702582e-03
9.312231479883194621e-03
9.322770010232924939e-03
9.320608407407999021e-03
9.315695894658564818e-03
9.315731444656848506e-03
9.312205778658389985e-03
9.325093099176883296e-03
9.301015880703925737e-03
9.302842727899551800e-03
9.304521281719208350e-03
9.303379440605641024e-03
9.303412634730338221e-03
9.309384945034981235e-03
9.315508626699447667e-03
9.301339352726936682e-03
9.279230343103407955e-03
9.301417058110236433e-03
9.296526641547680700e-03
9.293547286987304673e-03
9.296820580661297601e-03
9.296775198727846856e-03
9.290796814858913455e-03
9.287339531630278353e-03
9.289326514005661478e-03
9.263285181820393385e-03
9.286146676838398159e-03
9.265714189708233045e-03
9.270554766952990994e-03
9.301027521491049901e-03
9.283331606388091350e-03
9.267053812742233679e-03
9.260860825777053607e-03
9.258045509010553661e-03
9.270212217271327562e-03
9.264702249765395525e-03
9.268596743047237060e-03
9.266059325933455673e-03
9.262314405739307394e-03
9.260698519200086937e-03
9.254519530534743854e-03
9.254604455828666087e-03
9.259063155055046596e-03
9.260149055123330017e-03
9.249579957127570737e-03
9.255035267174244532e-03
9.258076766133308336e-03
9.241590365469455962e-03
9.250395631790161652e-03
9.256736960411071635e-03
9.239297446012496515e-03
9.233008650541305734e-03
9.243291309773922493e-03
9.237219032645224703e-03
9.247260150164365519e-03
9.230563949942588789e-03
9.231526700854301992e-03
9.218606941103935082e-03
9.222497172057628201e-03
9.222087899148464357e-03
9.221545646786689573e-03
9.228530370891094292e-03
9.240418605506419553e-03
9.220347889661788948e-03
9.218295325636864310e-03
9.216722981333733133e-03
9.208858477175235410e-03
9.207229191958904435e-03
9.208346062302589369e-03
9.217005999386310156e-03
9.219667424261569419e-03
9.201570358574389860e-03
9.200544723868369495e-03
9.195904827713966348e-03
9.208651137650012905e-03
9.212483219504356141e-03
9.176323134303093071e-03
9.220483281016350618e-03
9.199963147044182624e-03
9.190211308598518480e-03
9.176887255311011807e-03
9.198410815894604228e-03
9.195881373882294416e-03
9.198769492357969368e-03
9.183034807741642311e-03
9.203101504743099737e-03
9.183439886271953234e-03
9.184035642743110586e-03
9.191541239917278006e-03
9.173612697422504556e-03
9.181721974015235113e-03
9.165086612105369235e-03
9.181573745906352474e-03
9.172200488448143188e-03
9.156889182627201210e-03
9.196848727911710597e-03
9.176920570731163587e-03
9.174714170545338748e-03
9.166186055839062319e-03
9.185232709050177718e-03
9.176132767796515641e-03
9.178224146068095571e-03
9.168622552156448571e-03
9.171213713884353649e-03
9.162950475513935086e-03
9.173332763612269958e-03
9.155524437427521242e-03
9.161024516224861719e-03
9.165984686911106405e-03
9.153661218881607720e-03
9.148472259044646351e-03
9.173062784671783335e-03
9.160810202658176832e-03
9.149381825923919367e-03
9.147454091161489123e-03
9.157026748657226892e-03
9.145147693753241658e-03
9.152133123874663795e-03
9.146040696203708645e-03
9.144138143360614618e-03
9.155293571949005629e-03
9.152370901703834813e-03
9.155594152510165493e-03
9.141163924336432808e-03
9.137913937717675322e-03
9.145559369027615043e-03
9.131154275834560755e-03
9.135885201692580879e-03
9.146830198764801384e-03
9.127832929491996178e-03
9.139047907888889904e-03
9.146596429049969057e-03
9.116666418313979642e-03
9.134952931404113560e-03
9.142345277070999462e-03
9.128770784735678809e-03
9.122787332832813650e-03
9.122521998882294342e-03
9.126689906716346432e-03
9.108887973725795714e-03
9.128297221660613969e-03
9.127540927827358305e-03
9.131670742332936158e-03
9.120934991836547601e-03
9.100556157529353374e-03
9.115967228114604456e-03
9.120511378198862401e-03
9.123090412616729344e-03
9.124736302495002616e-03
9.101714423000811793e-03
9.111920715123414394e-03
9.104594374895096445e-03
9.102750589549540861e-03
9.094910028278828384e-03
9.118005832284689291e-03
9.100159877240658612e-03
9.110868882834912211e-03
9.096414459943771152e-03
9.092805820405483810e-03
9.123808598518370894e-03
9.089599599540233721e-03
9.105025574564933055e-03
9.108181964457034985e-03
9.084709055423736621e-03
9.097097463309765722e-03
9.079956955313682465e-03
9.109975368976593393e-03
9.083052990734577156e-03
9.101519290208815935e-03
9.108493556380272207e-03
9.091001953482627518e-03
9.094656433761120345e-03
9.093449727892876158e-03
9.081013832092284591e-03
9.079476080387831327e-03
9.087153903543948585e-03
9.098531630635261006e-03
9.070262467116117430e-03
9.098145075142383825e-03
9.083767797946930289e-03
9.081295270919800128e-03
9.077153481841087126e-03
9.091024515777826331e-03
9.083820956349372353e-03
9.080613552033900762e-03
9.077420572787523248e-03
9.067098807394504550e-03
9.082488893866539487e-03
9.074834952950477582e-03
9.077279876172543102e-03
9.059975250959396986e-03
9.065534178912640004e-03
9.066037581562996425e-03
9.067661378085612595e-03
9.074626021683216553e-03
9.053712624311446508e-03
9.052459356486797226e-03
9.057624193280934891e-03
9.062898132205008880e-03
9.053335692286491182e-03
9.062585203647614135e-03
9.045603694319724261e-03
9.073864286541938676e-03
9.070634691119194154e-03
9.052860616743565320e-03
9.049769982099532817e-03
9.061851529181003811e-03
9.033858059644699415e-03
9.062152525782584539e-03
9.055231420397758663e-03
9.042579874396324685e-03
9.038083651065826826e-03
9.047002358734608160e-03
9.054358094334602827e-03
9.053112244009972262e-03
9.041840256154537458e-03
9.049630941748619539e-03
9.050235564112663056e-03
9.047654490023851817e-03
9.038543901443481937e-03
9.029888851642608669e-03
9.031019324660301620e-03
9.045884950906038502e-03
9.049574392139912021e-03
9.044571209549904720e-03
9.046038889288902235e-03
9.041274065077304842e-03
9.036688106358051892e-03
9.028538376390933193e-03
9.033801901340484178e-03
9.026379009187221469e-03
9.028156515955924541e-03
9.039218334257602405e-03
9.038676725625992281e-03
9.024049513936042294e-03
9.025382054895163264e-03
9.033571520298719695e-03
9.022207848429679780e-03
9.028384214639664090e-03
9.026845274269581360e-03
9.009186390042304635e-03
9.029672415852545847e-03
9.024196428656577201e-03
9.025770103633404609e-03
9.034247770905494412e-03
9.028732495903968314e-03
9.011089479923248616e-03
9.008981477022171003e-03
9.021943426132201724e-03
9.010062885880470648e-03
9.019934358000756061e-03
9.011936070024966633e-03
9.010979844927788016e-03
9.000995266437531242e-03
9.005921689867973576e-03
9.014621114134788865e-03
9.021293799579143888e-03
9.005209520757197911e-03
9.011521025896073248e-03
9.011406354755162329e-03
9.005861870348453452e-03
9.016240985393523741e-03
8.991213685870171057e-03
9.007734647989273230e-03
9.009563608467578352e-03
9.026369772702455205e-03
9.007542408704757864e-03
8.996044280230999779e-03
8.996349505484104933e-03
8.994559092223644581e-03
9.004760460853576329e-03
9.000150936841965280e-03
9.004772529006005097e-03
8.985326017141342242e-03
8.985262000560760576e-03
8.999187993407249328e-03
8.996086410880088993e-03
8.991693888306617755e-03
8.991683898568154226e-03
8.991783214211464259e-03
8.994479023516178257e-03
8.991372758597135709e-03
8.979244003295899085e-03
9.012896032929420750e-03
8.986110307574271885e-03
8.986770211458206675e-03
8.982977475672960718e-03
8.971958584487437979e-03
8.984523155689238746e-03
8.984803437590598713e-03
8.989488883018493734e-03
8.991399356126784925e-03
8.994403259456157720e-03
8.987454764544964420e-03
8.985089721977710178e-03
8.976715126633644237e-03
8.987817210108042451e-03
8.970689750462770493e-03
8.991405641436576654e-03
8.970646727681160643e-03
8.972204953432082533e-03
8.987394713461398579e-03
8.977505663782357412e-03
8.972427613139152131e-03
8.960981800258159893e-03
8.967939751744270424e-03
8.972639881968497502e-03
8.972579241991043147e-03
8.974075660407542648e-03
8.967006871104240412e-03
8.962129077613354214e-03
8.975519092082977907e-03
8.976230742335319923e-03
8.976269202530383351e-03
8.963947971463203171e-03
8.956988883018494191e-03
8.981620661020279367e-03
8.956406236886978872e-03
8.957658359408378346e-03
8.970366052985191338e-03
8.959350985884666912e-03
8.962641423195600449e-03
8.958592970967292277e-03
8.952755148857832052e-03
8.973042634725571232e-03
8.962607298195361671e-03
8.948648607134819868e-03
8.964264864325523913e-03
8.970688357353210490e-03
8.961200034022330854e-03
8.952345329821110101e-03
8.954476403892040748e-03
8.964681330919266333e-03
8.954076937437056849e-03
8.964193540513514663e-03
8.943129473477601926e-03
8.948646304905414489e-03
8.956507357805967851e-03
8.944243071973324161e-03
8.949194754660130119e-03
8.953231070339679257e-03
8.959517319500447108e-03
8.944401662945748038e-03
8.945892248153687262e-03
8.953492387384175480e-03
8.955118684768677284e-03
8.950999357998371680e-03
8.944122066944837357e-03
8.945100906491278842e-03
8.948135375976561806e-03
8.952853243649005685e-03
8.952535331845283204e-03
8.936096026003360199e-03
8.942238909304142322e-03
8.938585420846939522e-03
8.939244694113730738e-03
8.929151760339737107e-03
8.956066379547119802e-03
8.931372116655110840e-03
8.942960414886473933e-03
8.948667526543141112e-03
8.937769011706113431e-03
8.941862628608942751e-03
8.933138898611069426e-03
8.935623086988926655e-03
8.937852025330067507e-03
8.929104906320572618e-03
8.930586781501770322e-03
8.937079999744891590e-03
8.930325527489185386e-03
8.938979464173317513e-03
8.932914113849402260e-03
8.943031265735626803e-03
8.912580642402172931e-03
8.930526120364665546e-03
8.928182722926140610e-03
8.922359236478804786e-03
8.929380971938372449e-03
8.936499096155165953e-03
8.934828674793242678e-03
8.927507211565970796e-03
8.939627012312411844e-03
8.924223017394542629e-03
8.937266997992993067e-03
8.913178442418574765e-03
8.916658971905707873e-03
8.919359951317309618e-03
8.921721508502960737e-03
8.919088858366012312e-03
8.935765119493007530e-03
8.919584821611642803e-03
8.914877550601959730e-03
8.920544416904449200e-03
8.925811467766761598e-03
8.925329386591910469e-03
8.915740478932857038e-03
8.919789516329764550e-03
8.935195257067679586e-03
8.923772439360619022e-03
8.923598053455352591e-03
8.906021876633167175e-03
8.920560041069985208e-03
8.918839268386364802e-03
8.917637207210064171e-03
8.919159867167472666e-03
8.922986293137072714e-03
8.915666356086730457e-03
8.918124118745327303e-03
8.922597002387046283e-03
8.915032037794590192e-03
8.910026522278785902e-03
8.912585310339928013e-03
8.908325398117304672e-03
8.912944621741771684e-03
8.915916164517402598e-03
8.931832149475812596e-03
8.919952569007873894e-03
8.906155232340097483e-03
8.916649799644946195e-03
8.931693692058324807e-03
8.907655807137489223e-03
8.920158703923226212e-03
8.902638967037201229e-03
8.900154621154069551e-03
8.901859139800072374e-03
8.916111152768135817e-03
8.911164159178733626e-03
8.908316716253757150e-03
8.903295625150204479e-03
8.891688530445099325e-03
8.899516088962555749e-03
8.906762965917587593e-03
8.907723847627639288e-03
8.892259585857391693e-03
8.899148349165915753e-03
8.911634604334832052e-03
8.892964809238909987e-03
8.909816961884498357e-03
8.909711589813231955e-03
8.913483570814131896e-03
8.904506009221076560e-03
8.889738890528678036e-03
8.902475338876248215e-03
8.905542155206202723e-03
8.889664283096791048e-03
8.915849364399909549e-03
8.886597230434417627e-03
8.916941545754671766e-03
8.890629777014255608e-03
8.895871970951556643e-03
8.901936333179474511e-03
8.899081612825394255e-03
8.891182194948195686e-03
8.895845470428466462e-03
8.898919865638017790e-03
8.890223187804222743e-03
8.887512843161821802e-03
8.894658111631870145e-03
8.899297443628311627e-03
8.887059839367866115e-03
8.890430305004120431e-03
8.893875275254248952e-03
8.907378730773926265e-03
8.886553499996662289e-03
8.886364699602126993e-03
8.895036483854056042e-03
8.885812139213085381e-03
8.896092581897973792e-03
8.892125835120678196e-03
8.892466129064559299e-03
8.889526347517967553e-03
8.897262011468410822e-03
8.896701763719320338e-03
8.891271474957466656e-03
8.878115935325623168e-03
8.870716189146041555e-03
8.886191966533660280e-03
8.883037350922823663e-03
8.865365172028540769e-03
8.901971879601478302e-03
8.881598353087901895e-03
8.887382540702820286e-03
8.873843075037001968e-03
8.878182357847690803e-03
8.887822954654693922e-03
8.872785206437111549e-03
8.867705392241477177e-03
8.879564822912217048e-03
8.871282398402690478e-03
8.874173984527588752e-03
8.881881713867187042e-03
8.866611312627791647e-03
8.886503651738167364e-03
8.889674604833126478e-03
8.873015837669372824e-03
8.865112583935260901e-03
8.888793671727179824e-03
8.883732859790325828e-03
8.872252311110497350e-03
8.869687656834721393e-03
8.869171455800533080e-03
8.889020280838013516e-03
8.884448016881943411e-03
8.875698228776455687e-03
8.874676545560360522e-03
8.864403177499771691e-03
8.870679658353329555e-03
8.861882019042968336e-03
8.875426447093485993e-03
8.864992520213126406e-03
8.881638669967651528e-03
8.869425640106200909e-03
8.868365952074528172e-03
8.881436287760734877e-03
8.874403778910636836e-03
8.866401133239269761e-03
8.867843075990677545e-03
8.881574550867080836e-03
8.869710350930690157e-03
8.871694206595420740e-03
8.869716878533363824e-03
8.869797055721282200e-03
8.874000426828860394e-03
8.876478396654129827e-03
8.857794822454452197e-03
8.859702689051628804e-03
8.874855766892432440e-03
8.867543393373488597e-03
8.859078637808560572e-03
8.866779512166977212e-03
8.849779071211814549e-03
8.866945950984955055e-03
8.861120849847792941e-03
8.861745406985283013e-03
8.855773079693316993e-03
8.851556610465050046e-03
8.875833489000797827e-03
8.862769528627394838e-03
8.868289825618267883e-03
8.864603294134139333e-03
8.862207589745521932e-03
8.857003286182879923e-03
8.868028112947940952e-03
8.853345587849616519e-03
8.850272514224053269e-03
8.857294940799474714e-03
8.860967087745665743e-03
8.847416516840457892e-03
8.850231664776801385e-03
8.855447598695755096e-03
8.855483743548393794e-03
8.855238530039787753e-03
8.861139282584190938e-03
8.845636228024958761e-03
8.849640804529190427e-03
8.855832608342171022e-03
8.868725785911083653e-03
8.855803008675574781e-03
8.850073063075543020e-03
8.850149890780449266e-03
8.864965655207633632e-03
8.854008983373641214e-03
8.846499335914850479e-03
8.858263198733330041e-03
8.850457330942154699e-03
8.850717040896415727e-03
8.843221531659364171e-03
8.854652150571346372e-03
8.851373939216136341e-03
8.861071613430976032e-03
8.853498544692993411e-03
8.846608366966247916e-03
8.853713981658220891e-03
8.848892563581466780e-03
8.860577685236931123e-03
8.850486028194427118e-03
8.853797937929629852e-03
8.837621677517891114e-03
8.849842916131020129e-03
8.851981457173824924e-03
8.829480734616517584e-03
8.862748922705649887e-03
8.830949785113334852e-03
8.859382006824016026e-03
8.856971258074044714e-03
8.843483466207981147e-03
8.842362036108971160e-03
8.853500053584576271e-03
8.849186279773711347e-03
8.836794088482856704e-03
8.840794962644577676e-03
8.850634650588036154e-03
8.835491585731505837e-03
8.844610759019851456e-03
8.848152838051319066e-03
8.846291019916534618e-03
8.840536587834358848e-03
8.855426425188779593e-03
8.832551621198654265e-03
8.843553664386272217e-03
8.856800906956195651e-03
8.853865249156952708e-03
8.834466709494590703e-03
8.839398612976074460e-03
8.833889158815146081e-03
8.844289566576480147e-03
8.847183811068535034e-03
8.842795396447181155e-03
8.835400039255619786e-03
8.854606823921203074e-03
8.833399837315082312e-03
8.836352712959051614e-03
8.837350777387618581e-03
8.843584358394145778e-03
8.836088505387305544e-03
8.834063722789288128e-03
8.832325106263159975e-03
8.835139673054218795e-03
8.832272171974181810e-03
8.830389276146889330e-03
8.832717050909995316e-03
8.835160140991211650e-03
8.832242265641689766e-03
8.836343604922294523e-03
8.832780177891253956e-03
8.824311925470829793e-03
8.841380017399787586e-03
8.821463209241629105e-03
8.835063358247279702e-03
8.830799993574618700e-03
8.823823946714401054e-03
8.846528205275535489e-03
8.819536073356866804e-03
8.826343798637390978e-03
8.825082553923129305e-03
8.840792666673660816e-03
8.840657670497895082e-03
8.828837016969919363e-03
8.821162534356117094e-03
8.838630352467298501e-03
8.812018811106681407e-03
8.838139112740754297e-03
8.832963601946830154e-03
8.815638408064842974e-03
8.833731394112110183e-03
8.832043673396110933e-03
8.822510329633950765e-03
8.826179365813731706e-03
8.840338154435157039e-03
8.820026289224625060e-03
8.830470337271689729e-03
8.812716796696186405e-03
8.828473617732524731e-03
8.819365156888961041e-03
8.834210416376591518e-03
8.827286925017833324e-03
8.826689190715551400e-03
8.811906581521034010e-03
8.822122728973627939e-03
8.836025396287441186e-03
8.812983051538467866e-03
8.818786296844481620e-03
8.825442553758621606e-03
8.823691273033618110e-03
8.814687737822532107e-03
8.818854492008686499e-03
8.811063315272331734e-03
8.823370996117591708e-03
8.814639517068862534e-03
8.832057373523712757e-03
8.823793523311614442e-03
8.809642534255980942e-03
8.817038197815417824e-03
8.825216631442308474e-03
8.822473896741867341e-03
8.823611775636673246e-03
8.813505750298499669e-03
8.815546859502792348e-03
8.832890810966491368e-03
8.823015880286694257e-03
8.806394533514977363e-03
8.829556623101234361e-03
8.811465242505074277e-03
8.815470838546753465e-03
8.817578285783530048e-03
8.816019791364669567e-03
8.813857733607292563e-03
8.820668098032474758e-03
8.813149815201759552e-03
8.812343721687793119e-03
8.813907166123390383e-03
8.820169264376164289e-03
8.822317971885203919e-03
8.805016475915907956e-03
8.810936222076416399e-03
8.800730810165404913e-03
8.828935412764549531e-03
8.818672464191913696e-03
8.798573761582374059e-03
8.827905893921851946e-03
8.819977858513593227e-03
8.812693829387426708e-03
8.805724663138388836e-03
8.815002129524946925e-03
8.800065315663813809e-03
8.810802268683909713e-03
8.804478929638863416e-03
8.799834718406200282e-03
8.818965070247649501e-03
8.810394396930933472e-03
8.810824581533670263e-03
8.812354184687136785e-03
8.811258568167687141e-03
8.807526008784771071e-03
8.822880769968032000e-03
8.798788749873638973e-03
8.797720327973365673e-03
8.802205544710159368e-03
8.807694771885872520e-03
8.809226161390543153e-03
8.795089610517024814e-03
8.803317690044640959e-03
8.808688108921051280e-03
8.818037903904915251e-03
8.805321736037730398e-03
8.800794040858745879e-03
8.793956559002400267e-03
8.797077648937702554e-03
8.810929208993911049e-03
8.797113794684410792e-03
8.801045975983143657e-03
8.810310180485248291e-03
8.805790244638919337e-03
8.798714489638806077e-03
8.813503870666027432e-03
8.792010979056357964e-03
8.794840635508298712e-03
8.811980579495429580e-03
8.807913301587104796e-03
8.806608064174652195e-03
8.803283127248286849e-03
8.794409363865851939e-03
8.799617183208464921e-03
8.791690872013568567e-03
8.799856198430060575e-03
8.820326781272888259e-03
8.804773883223534353e-03
8.800300711989401947e-03
8.792581287324428840e-03
8.781222734153271148e-03
8.815760836601257630e-03
8.795782550275325559e-03
8.812618336379527892e-03
8.790276335775852948e-03
8.801925659179686903e-03
8.788980824351311227e-03
8.797717925459146854e-03
8.794381321668624449e-03
8.804659076482057936e-03
8.793283964395522470e-03
8.789655153155327347e-03
8.808169447779654743e-03
8.788962287902832640e-03
8.802203893959522490e-03
8.794692050516604576e-03
8.808515746593475679e-03
8.793584128916263204e-03
8.781364652812480992e-03
8.796612567305564165e-03
8.801280815303326455e-03
8.795933339595794764e-03
8.798003059923648062e-03
8.825967239439487869e-03
8.788710190355777940e-03
8.788280429095029350e-03
8.783274015784263422e-03
8.794380658864975678e-03
8.782025467455387494e-03
8.795943093150853861e-03
8.802363840043543955e-03
8.781416205167770148e-03
8.796723340451716514e-03
8.794471964538096848e-03
8.787143967747688272e-03
8.799461267292500374e-03
8.799473404884338226e-03
8.796940200924873582e-03
8.797251315116882964e-03
8.769291391074657271e-03
8.796618170887232288e-03
8.786858782470225587e-03
8.804955134391783886e-03
8.792907732427119802e-03
8.777286846935749426e-03
8.802560521364211424e-03
8.788607703447342406e-03
8.772475439906120276e-03
8.782302652895450021e-03
8.782649459242820866e-03
8.792964072227477806e-03
8.779273324608802276e-03
8.788032284080982137e-03
8.797488246411085122e-03
8.774734494984150202e-03
8.780297480523585607e-03
8.782207187414169461e-03
8.790913802981376729e-03
8.782840686142445036e-03
8.787364742755890412e-03
8.794050107598304702e-03
8.769817542135715724e-03
8.777878651618957820e-03
8.784386844635009434e-03
8.771571102142333362e-03
8.788664563894271406e-03
8.782718281745911446e-03
8.775943780541419284e-03
8.791373828947544183e-03
8.782357343733310229e-03
8.786003247797489688e-03
8.786254194676875601e-03
8.776788666844368564e-03
8.783805053234099852e-03
8.757914511561394263e-03
8.786461871862411011e-03
8.776631995439529432e-03
8.804695611894130386e-03
8.773946780562400655e-03
8.792393774986266911e-03
8.780706724524498658e-03
8.792435043156146546e-03
8.772990253865717986e-03
8.786365392208100172e-03
8.777891211509705055e-03
8.771922812312841697e-03
8.768550834506750116e-03
8.779803292453288235e-03
8.769032073616981823e-03
8.784773747920989959e-03
8.770910218954085583e-03
8.786964678168297099e-03
8.777704383432864341e-03
8.774267413020134243e-03
8.780340876579284179e-03
8.768505647182464960e-03
8.778221163153647824e-03
8.783189604580401641e-03
8.772981458902359697e-03
8.773356461375952584e-03
8.772198185324668954e-03
8.783685002624988178e-03
8.778571594953536728e-03
8.783293350934981772e-03
8.761601423621177137e-03
8.771272354722022685e-03
8.773199434280395254e-03
8.772268313467503423e-03
8.763667241632938643e-03
8.774707510471343661e-03
8.781639658212662264e-03
8.759050223827362022e-03
8.781869378685951827e-03
8.770844408869743480e-03
8.765064547657967081e-03
8.771716129481792190e-03
8.769284798800945982e-03
8.764114337861537291e-03
8.763494634628296240e-03
8.771942510604858328e-03
8.769243721365928279e-03
8.764589441120624116e-03
8.773232919573784039e-03
8.761649817824363612e-03
8.768007916510105193e-03
8.775844037532806383e-03
8.770006749927996767e-03
8.769116313159465784e-03
8.776789529323578143e-03
8.769354492723941547e-03
8.778788092732430284e-03
8.755312929153442891e-03
8.762685480117797174e-03
8.759170001745223907e-03
8.774428079128265487e-03
8.763609723448752623e-03
8.773369852602481284e-03
8.776996848285197744e-03
8.756048225164413806e-03
8.768307959437371055e-03
8.762942072153091788e-03
8.771150177121161615e-03
8.763590688109397508e-03
8.757980120480060235e-03
8.754101250767707190e-03
8.760983936488627929e-03
8.778419366031884469e-03
8.763614767193794036e-03
8.754294906854628855e-03
8.752100639641284888e-03
8.761839718818664746e-03
8.759617530107498620e-03
8.773248645216226785e-03
8.773624068498611997e-03
8.756759152412415398e-03
8.751468330025673550e-03
8.760177694559096936e-03
8.755516950488090658e-03
8.771176095604895848e-03
8.765243780016898981e-03
8.756247796416281870e-03
8.768096654117107230e-03
8.760351500958205029e-03
8.751248055100441237e-03
8.759295672476291941e-03
8.764993582069873640e-03
8.754245195388794462e-03
8.767207522094248862e-03
8.749850490987301152e-03
8.766286252140998922e-03
8.752452068030833546e-03
8.764972762763501013e-03
8.763663876056671312e-03
8.752604014873504104e-03
8.769647270441055173e-03
8.752665856182575976e-03
8.760325334817171614e-03
8.761445388644933593e-03
8.746114831417798469e-03
8.749504825472832412e-03
8.745699706077575755e-03
8.756515475958586217e-03
8.754002312570809824e-03
8.752148340344429248e-03
8.750838800072669940e-03
8.750358169376850834e-03
8.756209624707699674e-03
8.753472652137279930e-03
8.753720524758101112e-03
8.755795127153397431e-03
8.750260257124900520e-03
8.746526390612125237e-03
8.748326825052499256e-03
8.754867585897446389e-03
8.752749711871147739e-03
8.752366874217987203e-03
8.745208425521851237e-03
8.760366674959659677e-03
8.750660185813904576e-03
8.755512563139200219e-03
8.744193384349346551e-03
8.762840739041566698e-03
8.747250584959983047e-03
8.751595842242240395e-03
8.747096725702285802e-03
8.762329171299933564e-03
8.741080009937287135e-03
8.752873611152171829e-03
8.742389605641364900e-03
8.755346324145794196e-03
8.748696710467337989e-03
8.735910389125347772e-03
8.752728462815283911e-03
8.749462928175926260e-03
8.751362982988357755e-03
8.748623376786708247e-03
8.754840879142284857e-03
8.748553176820278096e-03
8.747834135890007051e-03
8.753557801246642303e-03
8.757092503905297004e-03
8.754040315151215279e-03
8.747395694553851755e-03
8.753600454926490845e-03
8.746781350374221303e-03
8.750163069069385666e-03
8.744931713193654366e-03
8.752527468502521030e-03
8.746775717735291375e-03
8.746548857986927855e-03
8.751863669306039761e-03
8.744080765247344220e-03
8.729819878935814528e-03
8.742776867151261233e-03
8.763902544081211138e-03
8.753712510466575558e-03
8.742813195586203803e-03
8.749234387725591047e-03
8.748283216655253561e-03
8.753779460489750225e-03
8.733673883676528610e-03
8.741050387918948908e-03
8.742044566869736077e-03
8.747903670668601833e-03
8.748201861679554686e-03
8.745592660009860950e-03
8.750432670712470634e-03
8.730076487213373621e-03
8.751289749145508418e-03
8.730703193098305823e-03
8.744447061866521265e-03
8.746728789210319113e-03
8.742272142469883697e-03
8.750376538634301038e-03
8.735499619543552613e-03
8.744069281816481756e-03
8.732599884569645574e-03
8.756373466104269351e-03
8.734730666279793068e-03
8.754167059063911946e-03
8.735776343941688282e-03
8.741646630465983725e-03
8.746258593201636927e-03
8.736374797224997699e-03
8.744560206234455041e-03
8.736370271742344151e-03
8.740090515911579788e-03
8.741992179155349055e-03
8.727598472833632964e-03
8.741925379335879764e-03
8.739246254563331345e-03
8.738702145218848333e-03
8.722999572753905445e-03
8.734345423579216103e-03
8.741868038773536326e-03
8.746621244996786310e-03
8.737712201774119891e-03
8.729931633174418948e-03
8.737269252836703595e-03
8.742872120141983658e-03
8.744694709777832767e-03
8.739231644272803592e-03
8.742046773433684997e-03
8.725769366919993927e-03
8.748620014339686043e-03
8.727649164199829598e-03
8.731862286925315061e-03
8.730366109609604200e-03
8.745526379048823573e-03
8.750877233445643680e-03
8.735722931027412735e-03
8.737319840788841663e-03
8.750821803212165823e-03
8.718667056858539835e-03
8.741833461523056820e-03
8.744710353761911414e-03
8.727409728914500148e-03
8.744117685556411154e-03
8.739599003791809553e-03
8.738001845777033927e-03
8.724301025569439205e-03
8.734904059171676172e-03
8.718146009296179680e-03
8.737298815846443467e-03
8.730868280678988000e-03
8.739275908470154480e-03
8.733395242989062598e-03
8.730989017635583729e-03
8.723442070633172576e-03
8.741891686916351822e-03
8.723699947595597165e-03
8.744977891445160009e-03
8.725062763690947729e-03
8.732889656126499242e-03
8.717938113212584869e-03
8.739497049599885548e-03
8.728480694293975009e-03
8.730963442623614415e-03
8.729614980220795281e-03
8.733312423825264834e-03
8.723079518079757816e-03
8.736714065670966520e-03
8.748832477182149486e-03
8.728711673468350640e-03
8.730011598765850464e-03
8.732132261395453982e-03
8.737749171257018499e-03
8.721613956391810821e-03
8.731016615778207368e-03
8.731901565194129591e-03
8.737494953274726681e-03
8.721252034306526887e-03
8.731207814514637539e-03
8.732471688389777803e-03
8.711213118135928760e-03
8.736550393104553294e-03
8.729893281161785548e-03
8.745470221191644841e-03
8.715289832949639146e-03
8.722078573405742455e-03
8.730350673496723238e-03
8.731390436440706823e-03
8.736625591516495107e-03
8.720144365727901942e-03
8.724581444263457969e-03
8.728910678029061163e-03
8.728432098925114138e-03
8.724385589957237008e-03
8.733664141595364264e-03
8.716530897617339943e-03
8.723365060985088792e-03
8.720366939902305520e-03
8.729468031376599879e-03
8.726636515557766038e-03
8.723139289021492049e-03
8.730814797580241371e-03
8.719589876532554684e-03
8.725996818542480077e-03
8.723823428153991769e-03
8.727372426986694867e-03
8.715899438261986640e-03
8.722045527100562301e-03
8.725684789419175039e-03
8.733851610124111764e-03
8.733717344403266539e-03
8.721294971704483465e-03
8.729973584264517222e-03
8.709111122786999601e-03
8.735890464782715414e-03
8.715311511904001718e-03
8.723596233725547724e-03
8.728665294051170601e-03
8.719600164890289884e-03
8.715885147750377510e-03
8.714565082490443801e-03
8.727651907652615726e-03
8.713224179446697401e-03
8.716236482262610524e-03
8.718294170498847376e-03
8.721682806015014847e-03
8.721104711294174958e-03
8.720299801230430026e-03
8.708100792020560116e-03
8.721256434917449424e-03
8.725181675851345631e-03
8.724778676033020236e-03
8.701434062421322529e-03
8.727360773533582652e-03
8.724604916572569965e-03
8.732092168033122465e-03
8.719832811951636412e-03
8.724526930153369067e-03
8.727106901407242351e-03
8.708863190412521535e-03
8.728243200480937519e-03
8.713717263042927014e-03
8.726525422930717091e-03
8.706454588174820236e-03
8.721668117791413904e-03
8.711544738411902689e-03
8.706337903439997916e-03
8.714858035445213411e-03
8.712442859411239152e-03
8.723335325717925318e-03
8.717499309182167797e-03
8.724198315739631338e-03
8.723352274298667303e-03
8.710911653339863114e-03
8.714884331822395080e-03
8.722109534144401044e-03
8.711806856989860043e-03
8.726533468067645266e-03
8.716855297088623583e-03
8.707917988896370087e-03
8.709852501004934286e-03
8.725820113718509019e-03
8.711815607249736096e-03
8.705597710609436560e-03
8.719285668730735947e-03
8.709383662045001515e-03
8.709344502091407453e-03
8.721469551920889990e-03
8.705344221293926169e-03
8.707278703749179311e-03
8.712370626032353224e-03
8.721973680853842975e-03
8.699700947850943014e-03
8.712144533395766582e-03
8.723190711438656708e-03
8.731362986713647745e-03
8.710918969511986104e-03
8.705057007670402927e-03
8.709705899357796446e-03
8.712412123680114001e-03
8.717947933077811393e-03
8.715759308636187794e-03
8.710978917479515402e-03
8.722089821547270028e-03
8.694440997242928321e-03
8.703312524259090507e-03
8.713919537663459419e-03
8.711151310205458853e-03
8.705890812873840270e-03
8.700047367811202317e-03
8.717666563689708409e-03
8.706051540970802249e-03
8.715451029837131824e-03
8.705107078403233681e-03
8.712682683467865008e-03
8.701172046959399983e-03
8.706683967709540756e-03
8.702385256886482554e-03
8.686794841885565888e-03
8.704802735447884215e-03
8.714800933301448255e-03
8.705125155448913479e-03
8.691867004632949228e-03
8.708811357021331231e-03
8.696635687351227453e-03
8.722802044153214057e-03
8.697521501183509349e-03
8.697548868358134788e-03
8.694290831089019136e-03
8.706829016357661016e-03
8.701577736139297359e-03
8.710334445387124883e-03
8.694440008848905443e-03
8.720139681994915418e-03
8.712607376277447385e-03
8.693507925271987125e-03
8.713515408933163175e-03
8.698861626833677418e-03
8.721255583465099825e-03
8.699568607211112525e-03
8.705427920818329529e-03
8.701886511445044992e-03
8.691923299729823263e-03
8.706312595605850135e-03
8.712474209666252675e-03
8.705492313504219551e-03
8.715031484365462489e-03
8.709819387793540924e-03
8.705580691248177710e-03
8.693649088740349612e-03
8.706148121058941008e-03
8.708638359010220306e-03
8.697691652774810350e-03
8.706087903082370544e-03
8.714585221856831904e-03
8.713834509551524402e-03
8.700475208163261850e-03
8.697282882332801196e-03
8.702671365737914277e-03
8.695011149942874842e-03
8.710980929732322492e-03
8.703209282159805882e-03
8.695875749588011933e-03
8.701204704344272720e-03
8.691478033363819397e-03
8.701879769563674108e-03
8.695314842164516070e-03
8.701511013507842729e-03
8.690415306985378036e-03
8.712787290513515637e-03
8.704344239830970331e-03
8.702294107526540798e-03
8.694595318436621964e-03
8.706123110502958853e-03
8.688792682886123386e-03
8.699594836831091998e-03
8.707520116865635068e-03
8.715391024947167012e-03
8.691482036709784892e-03
8.700092744231224806e-03
8.709761143028736316e-03
8.691705108880997191e-03
8.691201199591160401e-03
8.705492517054080545e-03
8.695198846161366138e-03
8.693653696179389281e-03
8.685948017835617291e-03
8.706380981206893188e-03
8.699298018813132749e-03
8.689776067137718746e-03
8.699711950421332510e-03
8.691676330268382697e-03
8.702295593619346903e-03
8.700987496078014041e-03
8.693397359997034196e-03
8.688550867140293343e-03
8.690566673278807969e-03
8.684909040033817612e-03
8.690394844412804159e-03
8.702645322680472792e-03
8.693347065448761568e-03
8.712361490428447916e-03
8.690914025306702151e-03
8.695106398463249564e-03
8.692973060011863207e-03
8.688679032027721988e-03
8.698977821618318618e-03
8.687500632107257939e-03
8.699802510142327222e-03
8.691899898052215384e-03
8.692657744288444580e-03
8.692981920838355886e-03
8.693260798454284857e-03
8.686604853868485146e-03
8.707087726593017163e-03
8.683150062263011310e-03
8.700955523550510037e-03
8.687062166184186807e-03
8.695093603134154692e-03
8.686715439856051990e-03
8.675851367115974822e-03
8.699172353744507452e-03
8.707049788832663811e-03
8.697952471673488575e-03
8.685252248644829628e-03
8.700433656424283457e-03
8.699555178582668927e-03
8.701050829887389815e-03
8.686882154941559520e-03
8.686961439400911478e-03
8.693600069284438542e-03
8.696667456626892487e-03
8.687921247482299769e-03
8.690050294101237666e-03
8.692609018385409961e-03
8.697811726927757309e-03
8.704099459052086138e-03
8.680280020833016155e-03
8.682226683199406256e-03
8.693985617458819745e-03
8.688337134718894864e-03
8.696002295613288607e-03
8.691222671568393093e-03
8.691449239253997219e-03
8.700409937500952831e-03
8.685423913896083217e-03
8.695273346900940156e-03
8.696835512518883218e-03
8.681823066771029648e-03
8.679561675488948330e-03
8.683358056545256720e-03
8.686606196910142200e-03
8.691493194401263972e-03
8.679783488810061814e-03
8.688617569506168828e-03
8.680687294602393994e-03
8.692285469174384355e-03
8.687576438635586859e-03
8.689693705737589965e-03
8.690523310899735121e-03
8.681399313807488041e-03
8.693824236989021459e-03
8.691153227388859551e-03
8.688260413110255806e-03
8.676728871762752135e-03
8.688036739528179689e-03
8.676279266178607216e-03
8.692287337332963576e-03
8.678467046916485059e-03
8.685595455765724587e-03
8.680459471940994709e-03
8.681738037467003066e-03
8.685791533291339905e-03
8.695813108086586710e-03
8.676253347396850960e-03
8.683083166182041512e-03
8.686687323749065978e-03
8.692960477769373986e-03
8.684131377190351317e-03
8.692138479351997626e-03
8.686007098853587571e-03
8.691560503095389217e-03
8.682716086506843400e-03
8.690315520763396487e-03
8.692130493074655059e-03
8.689241525530815372e-03
8.678395603299141753e-03
8.695130508542061459e-03
8.691371005028486127e-03
8.682323737740516717e-03
8.679854405522347341e-03
8.672144093513488305e-03
8.682449711859226149e-03
8.673535119891166018e-03
8.681702959835529976e-03
8.687458029985427668e-03
8.690172655582428102e-03
8.677872708886862074e-03
8.675607388913630577e-03
8.682661870121956629e-03
8.675927274227142674e-03
8.685702403038739541e-03
8.694824880063534503e-03
8.683348391056061252e-03
8.685512666255236144e-03
8.680900199413300183e-03
8.675501861572265314e-03
8.681111020147800131e-03
8.688324475288390983e-03
8.686511592864990666e-03
8.679024835824966991e-03
8.687095258086920471e-03
8.681682339608668905e-03
8.690198551118374568e-03
8.679671571254730933e-03
8.678386634886264828e-03
8.673847811818123296e-03
8.675666408687830386e-03
8.682014985680580610e-03
8.687686523199081301e-03
8.677780473232268865e-03
8.687999214380980051e-03
8.677835536897183025e-03
8.674301679581403884e-03
8.681222350001335797e-03
8.683710601925850175e-03
8.677548249959945309e-03
8.678777965307235553e-03
8.684283387362956921e-03
8.682571413666009472e-03
8.669331674575805544e-03
8.676737140417098426e-03
8.702394918352365089e-03
8.678062010705471507e-03
8.668808325231074779e-03
8.680916513204574650e-03
8.675860548168420894e-03
8.678249822556972914e-03
8.686547628045082278e-03
8.664170199036598519e-03
8.682863133996725907e-03
8.664124017357825724e-03
8.681688544452189835e-03
8.665106115043163040e-03
8.677304447889328323e-03
8.675804576277732633e-03
8.672108499705791923e-03
8.673800123035908458e-03
8.681366490721702245e-03
8.676368393450975200e-03
8.681339312791825150e-03
8.679442637562751611e-03
8.683953212499618060e-03
8.685556307137012530e-03
8.676277254819869666e-03
8.677273674309253504e-03
8.671667464375495613e-03
8.673847482204437992e-03
8.676652575582265853e-03
8.668543526530266344e-03
8.667047548294067039e-03
8.682140557169914022e-03
8.676108894050120479e-03
8.681584249734877745e-03
8.680007994025944890e-03
8.671989232301712328e-03
8.671458016633987534e-03
8.660059714913367554e-03
8.669906870722771455e-03
8.666429520845413473e-03
8.671166210472583055e-03
8.675094648301601152e-03
8.667434046566486680e-03
8.683369762897491517e-03
8.676866981983184096e-03
8.688235765695571933e-03
8.666921086907386843e-03
8.658264862298965456e-03
8.677337717115879076e-03
8.657886484563351304e-03
8.679509532153606086e-03
8.669317442774772745e-03
8.665770941674710154e-03
8.682739958763122795e-03
8.672911082804202892e-03
8.681224491596221601e-03
8.686314349770546395e-03
8.667303241789341486e-03
8.678064193725585143e-03
8.672491330355405412e-03
8.667282524108886610e-03
8.670526654422283305e-03
8.666928954124450413e-03
8.668806542158126807e-03
8.679785126745701365e-03
8.654823925197124498e-03
8.670166316628456077e-03
8.674985865354537667e-03
8.660379314124585018e-03
8.666068736016750013e-03
8.673012653589249471e-03
8.668856895118952008e-03
8.670415128767490487e-03
8.662657456099986594e-03
8.668221191763877606e-03
8.671969207227230025e-03
8.665786724090575668e-03
8.681770688295363525e-03
8.673010383397340012e-03
8.685697504281997272e-03
8.684680472016334182e-03
8.661470762044190877e-03
8.663828065395355951e-03
8.685371419191361200e-03
8.670438312739133999e-03
8.679865682125090937e-03
8.655654959976673279e-03
8.669428160339593889e-03
8.663661549985409230e-03
8.668971712589264647e-03
8.663843239545821612e-03
8.680437425971031934e-03
8.666702011823654989e-03
8.679719638824462749e-03
8.651744012832642342e-03
8.682991802394389794e-03
8.667454876899719288e-03
8.654849345982075504e-03
8.677214348763227433e-03
8.664018230140209734e-03
8.654987444579601702e-03
8.663603996038436381e-03
8.676231155097484729e-03
8.673690454959869650e-03
8.668474236726760387e-03
8.673179306387900772e-03
8.654541751146316991e-03
8.670193404853343208e-03
8.662234823703766212e-03
8.656714115440845500e-03
8.672009044587612736e-03
8.681245775520800984e-03
8.677701241970061513e-03
8.658771296739578224e-03
8.668586982488632811e-03
8.664566912651062644e-03
8.654152236729859698e-03
8.666700605750083178e-03
8.658171559423208374e-03
8.674061103761196087e-03
8.673932072520255943e-03
8.667928825020789624e-03
8.657692222297190890e-03
8.662004110962151851e-03
8.664877616465092164e-03
8.666967324018478094e-03
8.664391673803329558e-03
8.657799858748913002e-03
8.672769440561533746e-03
8.657652258574961845e-03
8.659414456337690552e-03
8.669732532203197617e-03
8.669230054020881510e-03
8.674914893507957442e-03
8.660190448164939089e-03
8.656026574373245838e-03
8.660725924223662206e-03
8.649365364909171461e-03
8.678496682047844371e-03
8.651478322148322547e-03
8.671171603202819378e-03
8.657823923230171387e-03
8.656258093714714816e-03
8.670694155693053559e-03
8.667372068166732252e-03
8.660799212455749449e-03
8.660885327458381702e-03
8.660118508338927878e-03
8.664592671990394360e-03
8.666228545755147450e-03
8.661799004673958677e-03
8.649019120931624935e-03
8.672361402213573170e-03
8.645478818565607501e-03
8.673232153356075572e-03
8.661806142777204315e-03
8.655848573893308584e-03
8.644329213500022424e-03
8.661942753493785327e-03
8.652848518490791410e-03
8.660341415256261888e-03
8.646152507662773629e-03
8.662945180386304872e-03
8.666509110778569669e-03
8.653867127895354880e-03
8.659846771657467648e-03
8.669158101081847478e-03
8.661902913451193994e-03
8.647812223285436528e-03
8.668309076130390964e-03
8.664027100801467360e-03
8.654144929945468620e-03
8.660691469311714366e-03
8.660959502756596096e-03
8.657469612360000483e-03
8.663354819864034148e-03
8.658728332817553983e-03
8.657873437106609546e-03
8.668554383516310913e-03
8.661375720798969793e-03
8.655977949202061164e-03
8.657484709620475241e-03
8.650174584686755666e-03
8.651187340021133931e-03
8.654916734993457067e-03
8.655139928907155250e-03
8.659966019093990122e-03
8.656757933199405938e-03
8.648881379961967028e-03
8.657416721731424000e-03
8.654867194145918208e-03
8.654972195923328268e-03
8.652742702364921157e-03
8.656667809784412970e-03
8.658286823630333487e-03
8.655226197838783789e-03
8.655664590299129435e-03
8.648954219818115463e-03
8.649562398791313736e-03
8.655029988288879400e-03
8.656314977854490111e-03
8.656248159408569745e-03
8.663329876661299972e-03
8.658680120706557792e-03
8.660538876056670526e-03
8.647621732652186616e-03
8.653551997989415712e-03
8.650456657409667446e-03
8.650800978541374822e-03
8.652342558503150344e-03
8.667530693411827636e-03
8.658520540595054243e-03
8.653292496204376127e-03
8.653354920148849730e-03
8.658741983920335145e-03
8.655167337208986497e-03
8.650961464047431104e-03
8.650734933614730865e-03
8.657752210646867466e-03
8.643527256250381832e-03
8.659166701436042321e-03
8.662891036272048553e-03
8.666909752488136456e-03
8.658246729969978212e-03
8.650256483852862555e-03
8.647559810876845679e-03
8.665850855708121664e-03
8.653009206354618857e-03
8.649808571040629862e-03
8.654118643403053632e-03
8.651151443421840198e-03
8.651579598784446892e-03
8.654263882637023078e-03
8.654411906152964171e-03
8.663346119821072056e-03
8.647359043955802835e-03
8.650816110670566869e-03
8.653219408243893740e-03
8.657268018722534889e-03
8.646251922249794525e-03
8.650470497310162182e-03
8.650429237186908413e-03
8.648085639178753128e-03
8.652297499179839591e-03
8.636618057489395608e-03
8.651488621532917728e-03
8.658494035601616359e-03
8.645179914534091917e-03
8.652573890388011793e-03
8.650577491223812934e-03
8.659222622513770840e-03
8.647598338723182579e-03
8.643616170883178934e-03
8.646774894595145658e-03
8.667236694246530093e-03
8.629907062053680800e-03
8.651698443591595081e-03
8.656682291626929815e-03
8.656329721212387487e-03
8.659601493179798493e-03
