1.873516581773758058e-02
1.647264740973710881e-02
1.521842091619968369e-02
1.440668397724628388e-02
1.387726564705371937e-02
1.346557741641998297e-02
1.316712515085935627e-02
1.288873294889926989e-02
1.277055017083883297e-02
1.259972936630249056e-02
1.245713623315095921e-02
1.223493532717227945e-02
1.212457144379615846e-02
1.193546970307826985e-02
1.166318454548716591e-02
1.150536229252815262e-02
1.125231363356113401e-02
1.105956341505050580e-02
1.094098612666130101e-02
1.077127155423164388e-02
1.064982023596763687e-02
1.049281561821699058e-02
1.033489899307489350e-02
1.025425010204315118e-02
1.003521108865737879e-02
1.000332235947251278e-02
9.839923380911349757e-03
9.732257264852522960e-03
9.619781944602728493e-03
9.533248708844184113e-03
9.416873216032982385e-03
9.354678242206574193e-03
9.254999890923499770e-03
9.189263542890548087e-03
9.117987341582775226e-03
9.042946800142526512e-03
8.974546058773994264e-03
8.879802194833755907e-03
8.823797137737274254e-03
8.754271315783261620e-03
8.693135348260402559e-03
8.588914487957954869e-03
8.514197017401456402e-03
8.491838925480842820e-03
8.390629871487618324e-03
8.344644457399845450e-03
8.256234732568264179e-03
8.210282644629479307e-03
8.137653997540473735e-03
8.065526654124259912e-03
8.026199189573526502e-03
7.978824732303619466e-03
7.937473838180303387e-03
7.860808320790529935e-03
7.821718298345804732e-03
7.794883621335029281e-03
7.721043597161770036e-03
7.704137956947088202e-03
7.660446020960808185e-03
7.589377282559871783e-03
7.554351696819066805e-03
7.535741631984710538e-03
7.484936223626136899e-03
7.430364528596401091e-03
7.414339271336794004e-03
7.367613331675529342e-03
7.309899748563766439e-03
7.275162029266357515e-03
7.249753897190094193e-03
7.229311465620994435e-03
7.188419129550456879e-03
7.150898834764957829e-03
7.083800137639045466e-03
7.078929751217365521e-03
7.016292388066649489e-03
6.987284449636936047e-03
6.963948169648646880e-03
6.925916210412979418e-03
6.881321614980697582e-03
6.844160220772027570e-03
6.804524266421794511e-03
6.756987114548682928e-03
6.742229526638984782e-03
6.666094631552696437e-03
6.651548768579960275e-03
6.636868504881859171e-03
6.571834566295146549e-03
6.558315887451171902e-03
6.520542996823787407e-03
6.449364449679851480e-03
6.428207157850265863e-03
6.402401268780231851e-03
6.360089197009801895e-03
6.328040393888950156e-03
6.282991352230310814e-03
6.235332073569297903e-03
6.236961844861507211e-03
6.225278021693229566e-03
6.157050226032734046e-03
6.101644783914088842e-03
6.092196482568978944e-03
6.060093923509120642e-03
6.035444545373320341e-03
5.986929500997066091e-03
5.976741592139006055e-03
5.951580243408680082e-03
5.907510140240192220e-03
5.873806737959385085e-03
5.874611221849918713e-03
5.824042637050151974e-03
5.780399689823388816e-03
5.758714034259319187e-03
5.736429439187049929e-03
5.733275876641273812e-03
5.673147888928651954e-03
5.657221971750259724e-03
5.668294758349657313e-03
5.623748638629913303e-03
5.602993899434804970e-03
5.576404361128807496e-03
5.525535523891449141e-03
5.509158592522144307e-03
5.515980478823185283e-03
5.486161436066031190e-03
5.457268902063369675e-03
5.431114733517169654e-03
5.414521947950124911e-03
5.387595718502998648e-03
5.371124328374862582e-03
5.355753382295370263e-03
5.330779332742095061e-03
5.315912331342697097e-03
5.273989476263523171e-03
5.271806467771530252e-03
5.242997007071971589e-03
5.259604925140738511e-03
5.223860886693000583e-03
5.189531036019325375e-03
5.168313161134720050e-03
5.140823052525520485e-03
5.126551129519939069e-03
5.114353210180997908e-03
5.109840345382690371e-03
5.059446853846311792e-03
5.088632922470569600e-03
5.039711695909499835e-03
5.006395781636237795e-03
5.028037726283073570e-03
4.968744586110115068e-03
4.941551481559872464e-03
4.944946176111698552e-03
4.907308983653783409e-03
4.888741296231746865e-03
4.862883148193359630e-03
4.834992111027240982e-03
4.821208201199769956e-03
4.800163800120353305e-03
4.786038589477539101e-03
4.773925966620445188e-03
4.735495058745146056e-03
4.716374794393777929e-03
4.706097090095281293e-03
4.688824197798967600e-03
4.662545584887265934e-03
4.633313593566417386e-03
4.635083391740918261e-03
4.593615110591054221e-03
4.577503442317247193e-03
4.572577629834413335e-03
4.555744068846106359e-03
4.530144869238137903e-03
4.528577905595302516e-03
4.500601578652859043e-03
4.497150444239378028e-03
4.462692660614848289e-03
4.459394779503345757e-03
4.476017630696296941e-03
4.438666167706250762e-03
4.419468764513731149e-03
4.404643591940402697e-03
4.388830266594886606e-03
4.381308941915630986e-03
4.362087202966213016e-03
4.356215457022190145e-03
4.336316271424293413e-03
4.350434919223189131e-03
4.299326888918876891e-03
4.311001620367169163e-03
4.300472392588853415e-03
4.291818709820508990e-03
4.278343141004442921e-03
4.264265541136264860e-03
4.256792929098010027e-03
4.257670089602470266e-03
4.242483766451477824e-03
4.215844550952315729e-03
4.226337524168193374e-03
4.194117106199264471e-03
4.201468671858311042e-03
4.212663398683071103e-03
4.189131064265966264e-03
4.168998352587223455e-03
4.184162707477808059e-03
4.143121886849403419e-03
4.169750790596008644e-03
4.150221740603446570e-03
4.142488584220409623e-03
4.138453425168991430e-03
4.134121277853846851e-03
4.112464897334575271e-03
4.121345728337764448e-03
4.094043754190206282e-03
4.095262503921985424e-03
4.110829608589410510e-03
4.083026970624923334e-03
4.092883898615837408e-03
4.069171486943959880e-03
4.096305433511734061e-03
4.069106227904558358e-03
4.051057577133178322e-03
4.050650406181812400e-03
4.058334139287471561e-03
4.048858970925211555e-03
4.054659258574247471e-03
4.026656197458505261e-03
4.025573778226971752e-03
4.031293497979641059e-03
4.023084695115685186e-03
4.019190873205662033e-03
3.993885089606046511e-03
4.006822479665279012e-03
3.999348454847931680e-03
4.017546335309743824e-03
3.987500427663326352e-03
3.989880770444869697e-03
3.973025248050690052e-03
3.967595137357711986e-03
3.967673613727093138e-03
3.956706626713275832e-03
3.963511954843997563e-03
3.969466092512011560e-03
3.949038980007171969e-03
3.967834212481975535e-03
3.940045512765645574e-03
3.948124455809593099e-03
3.925673878565430659e-03
3.911350388973951209e-03
3.939494254291057811e-03
3.926294807195663053e-03
3.922564922794699940e-03
3.905194593742489922e-03
3.915252192318439094e-03
3.898348885625600897e-03
3.918643691688776000e-03
3.907324075475335397e-03
3.872297077924012967e-03
3.891951587200164625e-03
3.884928027167916086e-03
3.900778286010027004e-03
3.887241421937942532e-03
3.871736463233828654e-03
3.873168417140841584e-03
3.855348213240504442e-03
3.869678870439529576e-03
3.850817214250564641e-03
3.855147652477026142e-03
3.852357281297445236e-03
3.842715589255094391e-03
3.856136529296636493e-03
3.833088474273681646e-03
3.835757617801428040e-03
3.825860616415739136e-03
3.835084126591682338e-03
3.823982738107442863e-03
3.817647999823093208e-03
3.813489000797271739e-03
3.819417220354080333e-03
3.804482060372829221e-03
3.810649680048227520e-03
3.800150437057018150e-03
3.793546440601348879e-03
3.794696647450327906e-03
3.809632448703050706e-03
3.810911825895309333e-03
3.764040260687470489e-03
3.773616193830966938e-03
3.785186306685209192e-03
3.772898486554622770e-03
3.766185979172587215e-03
3.770059309750795409e-03
3.752528979778289950e-03
3.763274414315819546e-03
3.775364294499158804e-03
3.742196176871657228e-03
3.749745767563581345e-03
3.754390443861484704e-03
3.752540570572018407e-03
3.749424920380115336e-03
3.733528543263673911e-03
3.738464237973093858e-03
3.736255691349506247e-03
3.732737975716590717e-03
3.723221883028745693e-03
3.752523559108376580e-03
3.710780345574021550e-03
3.719856887087225842e-03
3.724635980278253548e-03
3.697842619866132611e-03
3.722945402190089032e-03
3.704119702428579353e-03
3.702426839470863464e-03
3.697771444022655320e-03
3.699890629053115970e-03
3.693903556019067710e-03
3.687441496700048348e-03
3.689955492690205445e-03
3.678164334297180042e-03
3.687181480079889349e-03
3.673795115947723310e-03
3.667484436407685098e-03
3.683239666521549369e-03
3.657385248690843502e-03
3.667861208319664161e-03
3.674455639123916633e-03
3.676847724914550711e-03
3.675846791118383451e-03
3.663138419836759353e-03
3.668892152681946933e-03
3.644854318201541828e-03
3.644972497075796118e-03
3.656341564357280544e-03
3.642239443957805654e-03
3.648402567356824958e-03
3.623713798522949347e-03
3.624830915629863922e-03
3.638324043750763067e-03
3.629542741477489575e-03
3.621507849693298298e-03
3.616852949559688519e-03
3.619161604121327262e-03
3.598980897068977149e-03
3.618597799837589262e-03
3.611769526079297229e-03
3.614137682989239722e-03
3.597894452661276003e-03
3.605901500806212370e-03
3.594367073923349434e-03
3.607426073402166238e-03
3.585001258403062822e-03
3.604147674292325788e-03
3.579003685712814527e-03
3.582283489853143633e-03
3.570687244012951678e-03
3.577388453334569892e-03
3.590329698473215207e-03
3.580769245475530667e-03
3.569261771887540652e-03
3.558621008619666272e-03
3.566864554435014711e-03
3.559106477200985139e-03
3.561562615633011037e-03
3.567891570329665991e-03
3.557070584595203259e-03
3.566500316932797506e-03
3.557871361970901380e-03
3.543849806338548840e-03
3.538570653945207443e-03
3.553942726254463291e-03
3.534596556574106339e-03
3.543514449894428348e-03
3.552699235975742293e-03
3.525807226598262883e-03
3.517777565419673898e-03
3.528114556595682901e-03
3.520751209259033194e-03
3.549187064915895664e-03
3.523946937918662897e-03
3.517104691937565902e-03
3.528071546107530536e-03
3.523301236927509246e-03
3.525460840463638147e-03
3.501763791292905950e-03
3.510430509671568985e-03
3.513574918806552753e-03
3.493628388419747245e-03
3.506018887832760937e-03
3.504574282616376799e-03
3.491419101059436807e-03
3.491919115483761021e-03
3.499743966758251182e-03
3.482474911659956020e-03
3.496704833731055333e-03
3.486641312241554186e-03
3.483035844713449573e-03
3.492589974552393148e-03
3.472465482056140765e-03
3.488035568147897659e-03
3.469862786680460130e-03
3.482628284841775800e-03
3.487343168407678815e-03
3.467183829396962985e-03
3.458307785093784129e-03
3.464813764989376280e-03
3.477354486584663396e-03
3.447764622420072377e-03
3.460756970942020522e-03
3.454769429415464454e-03
3.465601442158222373e-03
3.452061954885721033e-03
3.456704673692584037e-03
3.441483703628182584e-03
3.433454185873270181e-03
3.454786622077226591e-03
3.446776947975158795e-03
3.433395259305834727e-03
3.441047906875610227e-03
3.425982695221901041e-03
3.440306796431541556e-03
3.449490781128406684e-03
3.443096552193164982e-03
3.418460475802421669e-03
3.429381754398345885e-03
3.437381983995437418e-03
3.418993434309959469e-03
3.407994315028190727e-03
3.409790602177381526e-03
3.402437259256839864e-03
3.404510064423084403e-03
3.410249761044978952e-03
3.414958815053105359e-03
3.412919674441218520e-03
3.405668312087654914e-03
3.403769170716405053e-03
3.405554097816348210e-03
3.406477489769458699e-03
3.406790831387042796e-03
3.390018327757716218e-03
3.409100683629512785e-03
3.384881936237215967e-03
3.392233048453927209e-03
3.386041557192802538e-03
3.406174305528402151e-03
3.377405518740415630e-03
3.385924918651580812e-03
3.373053068220615344e-03
3.378847700804472106e-03
3.379000125452876011e-03
3.374120154976844709e-03
3.370420790314674220e-03
3.382076517269015301e-03
3.370555962026119262e-03
3.372112676873803127e-03
3.363340687602758405e-03
3.349694501981139230e-03
3.374261870905757160e-03
3.361061065569520123e-03
3.351966154128313037e-03
3.360380616784095636e-03
3.351985984593629751e-03
3.358569228947162495e-03
3.354935042262077380e-03
3.351066739484667711e-03
3.347309621125459794e-03
3.356937228366732584e-03
3.361455239206552308e-03
3.343550632894039081e-03
3.377391994446516006e-03
3.338986007273197186e-03
3.340910326093435127e-03
3.339761576503515184e-03
3.325995879471302201e-03
3.334002015590667618e-03
3.332157911136746434e-03
3.340363858640193941e-03
3.336574606373906085e-03
3.332938818149268519e-03
3.329676152616739288e-03
3.339024357199669047e-03
3.324042059332132232e-03
3.324396577775478364e-03
3.333121162503957860e-03
3.321139610409736508e-03
3.309909853935241730e-03
3.318347933888435471e-03
3.323497776985168389e-03
3.307834932655095896e-03
3.321600486189126792e-03
3.317846204042434587e-03
3.321333859339356282e-03
3.314734780564904115e-03
3.311281065344810412e-03
3.307666949778795447e-03
3.297956055849790395e-03
3.301271602064371168e-03
3.320303808748722215e-03
3.297997568100691050e-03
3.294607358500361519e-03
3.306519241183996337e-03
3.295135679543018462e-03
3.293924103677272654e-03
3.296705566495656842e-03
3.298226033821701972e-03
3.292407853007316490e-03
3.298892600834369554e-03
3.299526512846350564e-03
3.289004214257001783e-03
3.279604850187897713e-03
3.293898274749517373e-03
3.286451614052057161e-03
3.282955823913216459e-03
3.285513879209756970e-03
3.281582219973206652e-03
3.291204287111759112e-03
3.269716039896011176e-03
3.289285069704055760e-03
3.270465061366558280e-03
3.287357877120375763e-03
3.273780827969312475e-03
3.268051400631665979e-03
3.257858762145042584e-03
3.282728094905614999e-03
3.270619312375783877e-03
3.281074343472719160e-03
3.262502287179231807e-03
3.271772932261228766e-03
3.263713574111461613e-03
3.263799021989107103e-03
3.270045933127403107e-03
3.263633749634027321e-03
3.258296828120946752e-03
3.263341159000992826e-03
3.254052392393350784e-03
3.251862580180168126e-03
3.261155529171228494e-03
3.248896153718233270e-03
3.249688253030180718e-03
3.247513974905013971e-03
3.262802038043737408e-03
3.245717903524637012e-03
3.254186955690384093e-03
3.248536648303270227e-03
3.248317440710961779e-03
3.243706318959593826e-03
3.244274746477603805e-03
3.240791263580322309e-03
3.231244028210639857e-03
3.226724846065044238e-03
3.240379517376422783e-03
3.224988894015550639e-03
3.236816706657409670e-03
3.239284037947654828e-03
3.233202820271253389e-03
3.232597975656390128e-03
3.235344226807355689e-03
3.236465305462479531e-03
3.220231875479221285e-03
3.226417726352810884e-03
3.218093735501169946e-03
3.227678802311420309e-03
3.223499714881181925e-03
3.228488214388489878e-03
3.226108861416578360e-03
3.231731112599372808e-03
3.236951447203755428e-03
3.214225194156169682e-03
3.207626924365758730e-03
3.214180284142494331e-03
3.213222730830311586e-03
3.216826991140842463e-03
3.221764665544032871e-03
3.203967042714357498e-03
3.219553992003202237e-03
3.225531172826886280e-03
3.199076090008020484e-03
3.204560228362679421e-03
3.205982716679572908e-03
3.207952842935919875e-03
3.204222344383597220e-03
3.219644204676151266e-03
3.209223267212510129e-03
3.216251464188098815e-03
3.198967185616493139e-03
3.204485418498516196e-03
3.201041452959179669e-03
3.215744174420833660e-03
3.219290103986859140e-03
3.188362316563725461e-03
3.205185227841138903e-03
3.212507800087332620e-03
3.197895446196198557e-03
3.198655146285891721e-03
3.191419131159782280e-03
3.189054668992757652e-03
3.197890420630574316e-03
3.220136236101389052e-03
3.180541363954543857e-03
3.188583253696560763e-03
3.182902450896799539e-03
3.191075528115034157e-03
3.190406591892242481e-03
3.190805851444602007e-03
3.183661471903324099e-03
3.189598636180162455e-03
3.187144503816962370e-03
3.190885522514581591e-03
3.172498525902628895e-03
3.173632024526596047e-03
3.192817582562565600e-03
3.192829914987087292e-03
3.173560580164194213e-03
3.180746846646070446e-03
3.194876452609896750e-03
3.174220485091209555e-03
3.170704520121216813e-03
3.184100082963704954e-03
3.174706562459468986e-03
3.183904924094677069e-03
3.180534740984439657e-03
3.167498066946864213e-03
3.165814377143979109e-03
3.179243246465921456e-03
3.161160484850406450e-03
3.170539519935846543e-03
3.163146583139896540e-03
3.166331305727362790e-03
3.159163029342889652e-03
3.160693482235073931e-03
3.165925488993525348e-03
3.176258135437965476e-03
3.162161563187837650e-03
3.153224259465932724e-03
3.170946239382028530e-03
3.170810539349913724e-03
3.170595521926879764e-03
3.158786731436848821e-03
3.163505002260208129e-03
3.155118536874652099e-03
3.158108644932508622e-03
3.154819100722670768e-03
3.156787230819463677e-03
3.154572751373052771e-03
3.152261573821306395e-03
3.151091508865356498e-03
3.151582274883985360e-03
3.158801663517952097e-03
3.145603864565491535e-03
3.155378575995564528e-03
3.141011470705270744e-03
3.147756167948245840e-03
3.149573942124843547e-03
3.144528017416596544e-03
3.129917198419570994e-03
3.145766479969024521e-03
3.158758683502673956e-03
3.140553179010748854e-03
3.132615550085902228e-03
3.145605498403310912e-03
3.141353222429752508e-03
3.155281150788068895e-03
3.134009794294833999e-03
3.138321490287780766e-03
3.135232647955417569e-03
3.127424329742789239e-03
3.131530712582170778e-03
3.136653213053941774e-03
3.140244058817625184e-03
3.148820111602544571e-03
3.138965986818075243e-03
3.135400981307029551e-03
3.127864099293947361e-03
3.143350659385323737e-03
3.130143598765134857e-03
3.148406450748443639e-03
3.123782032430172124e-03
3.121569646298885323e-03
3.134400075078010509e-03
3.120361812263727080e-03
3.135104033499955950e-03
3.126718913279473867e-03
3.129907446950673869e-03
3.105726673901081265e-03
3.138338763564825148e-03
3.121191516071558040e-03
3.132522998973727088e-03
3.119350404739379932e-03
3.117320886105299192e-03
3.126820509433746263e-03
3.127302435562014614e-03
3.126281244605779493e-03
3.113188288956880365e-03
3.107903042286634231e-03
3.116540376096964011e-03
3.120008613616228211e-03
3.109042807966470867e-03
3.104303167834878037e-03
3.115476252809167099e-03
3.117415233179926873e-03
3.108682553768157830e-03
3.108841349780559326e-03
3.108994271829724435e-03
3.120664295405149551e-03
3.101169379279017455e-03
3.121679812073707792e-03
3.106050373017788056e-03
3.109908347725868268e-03
3.103529771119356139e-03
3.106837359890341800e-03
3.108653592467308137e-03
3.117338232696056314e-03
3.101955149024724842e-03
3.107923577576875498e-03
3.099910932034254021e-03
3.097849043905735126e-03
3.108897584080695924e-03
3.101592967882752482e-03
3.098856814354658019e-03
3.095613036155700493e-03
3.102360868155956165e-03
3.099082892611622602e-03
3.089049418792128542e-03
3.102118481844663624e-03
3.092918051108718008e-03
3.093724840655922865e-03
3.085293139666318678e-03
3.093036110252142014e-03
3.096149898618459888e-03
3.090965151041746156e-03
3.081125654354691622e-03
3.102002390846610256e-03
3.080852727890014565e-03
3.084263879209756930e-03
3.079448071792721762e-03
3.091218018978834307e-03
3.087577352225780430e-03
3.096638532876968327e-03
3.081039144769310949e-03
3.085784278064966288e-03
3.079598306119442092e-03
3.081195610314607560e-03
3.087916580885648622e-03
3.089949811846017750e-03
3.075473895743489373e-03
3.094552508294582185e-03
3.074323154240846557e-03
3.075432657897472517e-03
3.087978440597653317e-03
3.077633254975080303e-03
3.077846472933888633e-03
3.071131174266338287e-03
3.069325430169701427e-03
3.068005140647291941e-03
3.089484654963016528e-03
3.075320093780756041e-03
3.066753363758325732e-03
3.083323271349072345e-03
3.073662715405225954e-03
3.073580603301525292e-03
3.056437271833419879e-03
3.063963391780853262e-03
3.076130552440881939e-03
3.060987915396690563e-03
3.074593332707882109e-03
3.055927039161324306e-03
3.060743434950709448e-03
3.070023209154605810e-03
3.072535955458879486e-03
3.073864139914512638e-03
3.054491694048047223e-03
3.048910252004862018e-03
3.061223842576146076e-03
3.071173356026411002e-03
3.055897309929132399e-03
3.064979392886161766e-03
3.060767753645777557e-03
3.070710954517126296e-03
3.064019495770335232e-03
3.077768875434994719e-03
3.052811254933476565e-03
3.064280088394880346e-03
3.042443220466375334e-03
3.064257586672902017e-03
3.056029390245676089e-03
3.055570921301841748e-03
3.051291254311800163e-03
3.056148192882537917e-03
3.059199305772781520e-03
3.037004601359367516e-03
3.057971115857362806e-03
3.054900178760290141e-03
3.060499818101525271e-03
3.040594965368509286e-03
3.043611797466874106e-03
3.040708737224340642e-03
3.053426482826471222e-03
3.049313775524497162e-03
3.028191893249750164e-03
3.054358717054128820e-03
3.042068367078900465e-03
3.046892781481146985e-03
3.040488120019435841e-03
3.054783082008361624e-03
3.046310741156339850e-03
3.052712095826864199e-03
3.047512106522917708e-03
3.028204496726393576e-03
3.038700840920209850e-03
3.027111441642046149e-03
3.038181191682815495e-03
3.036936955451965438e-03
3.039262844473123414e-03
3.041197284758091063e-03
3.029933058619499291e-03
3.036002161204815007e-03
3.037894325852394297e-03
3.042856394574046212e-03
3.019248693436384252e-03
3.045096088349819388e-03
3.033083494380116492e-03
3.030711845830082792e-03
3.030163818001747281e-03
3.021711813062429291e-03
3.033124831467867103e-03
3.028244631513953358e-03
3.023537303432822024e-03
3.044557145386934081e-03
3.015829737409949328e-03
3.022524549886584141e-03
3.030045153796672754e-03
3.029415348917245936e-03
3.028587521016597606e-03
3.022851068824529853e-03
3.014773329906165426e-03
3.032176496013999113e-03
3.018622741252184084e-03
3.037251384407281974e-03
3.023322432413697459e-03
3.012904549241066099e-03
3.020241975560784397e-03
3.015917014703154396e-03
3.019514567032456197e-03
3.044501292780041769e-03
3.009577814191579867e-03
3.031603440567851200e-03
3.005164438411593326e-03
3.025644938945770170e-03
3.007610956579446701e-03
3.016472062915563461e-03
3.011416062116622876e-03
3.007478186711668756e-03
3.024762989282607940e-03
3.003526961654424780e-03
3.015055601298808913e-03
3.009480858594178968e-03
3.007391934096813237e-03
3.014449990242719628e-03
2.998012410104274744e-03
3.004481030851602341e-03
2.999104346185922643e-03
2.995902420580387297e-03
3.016930008977651654e-03
3.010809957087039971e-03
3.005778607875108505e-03
3.007750196158886016e-03
2.998894945383071952e-03
3.008014448359608815e-03
3.003958127498626823e-03
2.992929576113819920e-03
2.995610135346651100e-03
3.002393959015607714e-03
2.999846118390559965e-03
3.006503083556890353e-03
2.995058326870202875e-03
2.994840476512908908e-03
3.002870558947324554e-03
3.005338762775063358e-03
2.979435801580548361e-03
2.983177662193775125e-03
2.995091535747051396e-03
2.998989454656839169e-03
2.992760081216692784e-03
3.006819692850112771e-03
3.006603411212563619e-03
3.004717830941081198e-03
2.999756326377391816e-03
2.989227794557809854e-03
2.987320935428142404e-03
2.997090014144778228e-03
2.990823245272040184e-03
2.994665447026490998e-03
2.992807824462652335e-03
2.989146313816309127e-03
2.983938829153776236e-03
2.991518832519650308e-03
2.986383473426103448e-03
2.985164294913411186e-03
2.980550107583403770e-03
2.979834779575466896e-03
2.996108014583587741e-03
2.983053895682096467e-03
2.982284463420510276e-03
2.977699007838964605e-03
3.006449430584907587e-03
2.974406284019351192e-03
2.992593913190066957e-03
2.996197729855775999e-03
2.968608850240707451e-03
2.982482370436191545e-03
2.991437034159898870e-03
2.986717200875282398e-03
2.966136007457971600e-03
2.981113538742065361e-03
2.981582886055112076e-03
2.975745805203914521e-03
2.979888322427868674e-03
2.969659603685140432e-03
2.979923623055219604e-03
2.984808552414178889e-03
2.975219598636031238e-03
2.964451084360480299e-03
2.980696757808327501e-03
2.961491160839796032e-03
2.980445845723152069e-03
2.965821936652064499e-03
2.976654852926730998e-03
2.968474511578679184e-03
2.966901473402977062e-03
2.970765812993049829e-03
2.975089224278926799e-03
2.972428434044122741e-03
2.950758640319108873e-03
2.969824679344892655e-03
2.963778630718588714e-03
2.966732224598526979e-03
2.978533464521169582e-03
2.961262137517333120e-03
2.955220864899456464e-03
2.957141933590173855e-03
2.960217224359512535e-03
2.969827172756195170e-03
2.951141779720783172e-03
2.954662993252277561e-03
2.960270945206284424e-03
2.960625961273908712e-03
2.962109698504209430e-03
2.958407772108912533e-03
2.946621289327740548e-03
2.955611761510372037e-03
2.953012529313564418e-03
2.973497645705938230e-03
2.955368502736091790e-03
2.955741481557488341e-03
2.954556213319301568e-03
2.953987806849181583e-03
2.948933573141694197e-03
2.945623832941055183e-03
2.953981523811817327e-03
2.959882091879844496e-03
2.953483741655945662e-03
2.952947741597890773e-03
2.948586267158389163e-03
2.945479786396026402e-03
2.956683636382221973e-03
2.937882858216762580e-03
2.947156558483838857e-03
2.954860490113496788e-03
2.949181380569934879e-03
2.947203725427388968e-03
2.941483582258224653e-03
2.949145413711667160e-03
2.952211055308580356e-03
2.944347371011972383e-03
2.969805249348282748e-03
2.938714460879564370e-03
2.935012202262878619e-03
2.933143293708562714e-03
2.948806408047675940e-03
2.939690286144614091e-03
2.941401175037026278e-03
2.928991898223757672e-03
2.951133745610714110e-03
2.945512301847338747e-03
2.949604496285319465e-03
2.926368424594402110e-03
2.928977433294057894e-03
2.939061900228261918e-03
2.936607816517353229e-03
2.939884950816631405e-03
2.934624017067253687e-03
2.927922216951847015e-03
2.936244520395994272e-03
2.935186956226825804e-03
2.934339698255062061e-03
2.946608584821224300e-03
2.928672828674316452e-03
2.928675653785467112e-03
2.929449159577489012e-03
2.924992658048868391e-03
2.923987247496843186e-03
2.934148867279291056e-03
2.929724834933877115e-03
2.924435123652219942e-03
2.911811899915337388e-03
2.930512867569923588e-03
2.928548927903175305e-03
2.927461014017462664e-03
2.930111768543720418e-03
2.916598270535468874e-03
2.928581127896904852e-03
2.935424866378307483e-03
2.926000836268067163e-03
2.913628302812576367e-03
2.919450467824935991e-03
2.921315149962902188e-03
2.905720387957990043e-03
2.929387459158897412e-03
2.937964347377419305e-03
2.909194302111864101e-03
2.911689493134617633e-03
2.918695514947175843e-03
2.922401492819190223e-03
2.917546201199292932e-03
2.917281638979911818e-03
2.918165991678834011e-03
2.920069962665438647e-03
2.904945544600486592e-03
2.914797350019216523e-03
2.904080744236707708e-03
2.920087349340319723e-03
2.906970947831869021e-03
2.911729342341423058e-03
2.914356986992061322e-03
2.908305424302816324e-03
2.900869303271174596e-03
2.911429119706153944e-03
2.898827464208006757e-03
2.907096497043967255e-03
2.910997757166623907e-03
2.911114496290683699e-03
2.907607481703162154e-03
2.918022842109203267e-03
2.902710814327001416e-03
2.898236001953482729e-03
2.909493730217218264e-03
2.909053427129983712e-03
2.913072507753968268e-03
2.903263114839792301e-03
2.900258307531476155e-03
2.917672018110752108e-03
2.899260344207286663e-03
2.903910647630691694e-03
2.909683272242545929e-03
2.893731458336114802e-03
2.904272550046443999e-03
2.900066684037447100e-03
2.903220076560974333e-03
2.895445846766233483e-03
2.886908308863639621e-03
2.905410485118627758e-03
2.901403105035424250e-03
2.889591204151511182e-03
2.897692047581076555e-03
2.899193236529826970e-03
2.896621098630130370e-03
2.889220476001500872e-03
2.901580262184143277e-03
2.892803113684058042e-03
2.890335428044199864e-03
2.877859824746847178e-03
2.902353753745555865e-03
2.900063391625881063e-03
2.885994030088186082e-03
2.885761969611048711e-03
2.884375892430543747e-03
2.886019501015543807e-03
2.887232856601476810e-03
2.891414198428392344e-03
2.887758937329054035e-03
2.893194614052772579e-03
2.884249113798141671e-03
2.885228550881147221e-03
2.892590065598488018e-03
2.888429521322250209e-03
2.884384570866823250e-03
2.886504471153020918e-03
2.906476856470108228e-03
2.874777466207742785e-03
2.886210095025599099e-03
2.886922599300741944e-03
2.887328181490302157e-03
2.886271843612194139e-03
2.883200179785490140e-03
2.877357932627201253e-03
2.875655585005879207e-03
2.863707706332206757e-03
2.878309697061777125e-03
2.876324578300118277e-03
2.883051389753818385e-03
2.877913418412208699e-03
2.880534602850675762e-03
2.884927133917808504e-03
2.879540170133114071e-03
2.866953666657209247e-03
2.876731485724449370e-03
2.880627444460988167e-03
2.878828749433160004e-03
2.883382430449128037e-03
2.876166767850518290e-03
2.870761507079005407e-03
2.870337533056736053e-03
2.872856871187687115e-03
2.874801705926656719e-03
2.865435490906238346e-03
2.878407507911324471e-03
2.869459796026348989e-03
2.870168090537190356e-03
2.871302949786186387e-03
2.856217618510127100e-03
2.859746765494346546e-03
2.876437122747302257e-03
2.872735998854041104e-03
2.859376983791589704e-03
2.858756700903177135e-03
2.876462952867150404e-03
2.873342648744583311e-03
2.866163021959364579e-03
2.859037551283836326e-03
2.865738440230488834e-03
2.870074543952941953e-03
2.868363075852394320e-03
2.867228062450885920e-03
2.860476867854595297e-03
2.868555992096662698e-03
2.853698355108499462e-03
2.855717704296112120e-03
2.866698817797005017e-03
2.869478255212306976e-03
2.848207478672266056e-03
2.861234877035021690e-03
2.856322833970189028e-03
2.850299844592809467e-03
2.857792846560478026e-03
2.864090374596416945e-03
2.849851289391517727e-03
2.862964513003826011e-03
2.847970811948180147e-03
2.861998387351632252e-03
2.857352053597569594e-03
2.865189321488141854e-03
2.862554830014705631e-03
2.851804836839437474e-03
2.849866567403078026e-03
2.849178973510861287e-03
2.851491792798042327e-03
2.854730466753244329e-03
2.855692198723554492e-03
2.854228286147117606e-03
2.858247126340866112e-03
2.856262246370315679e-03
2.850228000432252981e-03
2.843705429770052636e-03
2.843881353363394895e-03
2.844091897085309229e-03
2.859269890487194186e-03
2.861937503069639059e-03
2.856113050505519006e-03
2.849636063724756384e-03
2.861455903351307114e-03
2.836212579607963469e-03
2.841912880912423126e-03
2.851336610913276885e-03
2.840219830237329136e-03
2.838293915390968300e-03
2.857627706751227591e-03
2.845014005303383043e-03
2.853290038257837082e-03
2.849449182003736293e-03
2.856200451180338894e-03
2.843421015366911792e-03
2.848586393743753487e-03
2.846911044865846428e-03
2.842064436376095030e-03
2.842196720242500148e-03
2.842853619679808555e-03
2.851434845328331118e-03
2.856728995740413519e-03
2.844898354858160002e-03
2.838185676112770818e-03
2.830863841474056102e-03
2.834098324924707538e-03
2.839390854388475563e-03
2.848500666618347232e-03
2.838028445616364373e-03
2.838489170931279577e-03
2.833710181266069564e-03
2.842349062263965775e-03
2.843007500916719388e-03
2.829954400733113336e-03
2.840302227884530968e-03
2.838940944373607826e-03
2.844200784415006761e-03
2.830568743497133104e-03
2.836773105747997931e-03
2.821066246852278747e-03
2.836164236813783820e-03
2.843478562384843967e-03
2.826531389355659441e-03
2.834996440708637336e-03
2.833809156641364010e-03
2.829959006309509285e-03
2.834519324600696770e-03
2.825564616173505909e-03
2.840563329756260001e-03
2.829624775648117117e-03
2.830450002178549855e-03
2.830343892425298512e-03
2.838470869734883127e-03
2.836320785731077238e-03
2.825078222230076753e-03
2.832644482105970210e-03
2.824412231966852947e-03
2.827630323916673679e-03
2.836185164824128052e-03
2.836678703576326569e-03
2.833258940279484005e-03
2.827365889027714813e-03
2.829301932007074159e-03
2.815498467981815238e-03
2.831389269083738492e-03
2.828933532238006761e-03
2.808058326393365889e-03
2.824623360186815334e-03
2.826394063308835039e-03
2.819309285283088697e-03
2.836705427765846312e-03
2.816301618963480084e-03
2.818295145332813233e-03
2.827324685454368595e-03
2.825078304633498079e-03
2.819268426895141406e-03
2.808897016718983706e-03
2.822898410409688773e-03
2.827721143066883047e-03
2.818381924182176545e-03
2.824583312794566158e-03
2.818841142505407529e-03
2.833009836375713526e-03
2.815117706432938415e-03
2.816934121698141252e-03
2.822119190394878352e-03
2.824743428677320423e-03
2.826342677325010232e-03
2.818657844588160714e-03
2.818620612993836226e-03
2.821891892254352417e-03
2.822378359735012131e-03
2.809224642291665089e-03
2.819664710164070283e-03
2.814842879921198096e-03
2.809069563448428949e-03
2.813148012906312861e-03
2.825664573460817328e-03
2.809189649298787176e-03
2.820637839287519662e-03
2.813812229633331184e-03
2.828022448867559355e-03
2.809468234181404164e-03
2.810715338215231951e-03
2.811933971568942019e-03
2.809580583274364461e-03
2.809768863022327461e-03
2.804606456086039448e-03
2.816531446874141580e-03
2.816583744138479242e-03
2.823637680709362077e-03
2.811725942790508151e-03
2.814277219176292578e-03
2.800001471601426626e-03
2.814680657237768075e-03
2.809320142567157865e-03
2.802756625860929485e-03
2.820189305543899499e-03
2.799456214904785020e-03
2.824296055547893119e-03
2.797584414631128138e-03
2.803221757635474161e-03
2.808595706373453321e-03
2.803302566185593772e-03
2.795276257842778996e-03
2.820723735317587876e-03
2.812196310088038460e-03
2.797367764562368533e-03
2.799715954959392742e-03
2.793864660561084633e-03
2.813502423912286627e-03
2.800905209407210557e-03
2.800100394710898326e-03
2.807784537971019529e-03
2.809696757122874360e-03
2.815489530265331223e-03
2.799514312446117498e-03
2.804183848798275178e-03
2.798989136219024766e-03
2.806536078006029254e-03
2.797232321500778014e-03
2.797757822051644312e-03
2.807456299737095661e-03
2.798877662792801941e-03
2.802606029659509678e-03
2.797114027887582718e-03
2.800643498748540960e-03
2.789515936300158289e-03
2.798895083591341777e-03
2.801967394649982658e-03
2.796882161796093117e-03
2.799222486838698343e-03
2.794505667388439297e-03
2.795585120320320284e-03
2.800108581334352555e-03
2.793115019798278996e-03
2.792967624999582836e-03
2.797581884562969252e-03
2.788130514845252143e-03
2.795900603532791052e-03
2.801328199133276773e-03
2.795539251342415727e-03
2.796668103784322700e-03
2.815501162558793884e-03
2.788550872355699713e-03
2.791026297360658503e-03
2.790620153844356691e-03
2.799467578381299813e-03
2.786388902962207929e-03
2.786093056201934936e-03
2.807094410508871249e-03
2.790669257789850193e-03
2.797924069464206766e-03
2.802453320845961666e-03
2.781302079036832020e-03
2.793952108025550898e-03
2.789542156010866008e-03
2.779714299216866531e-03
2.795773474127054119e-03
2.792473788857460001e-03
2.789488612040877304e-03
2.789391566216945732e-03
2.792175142019986955e-03
2.775240150988101794e-03
2.787188227176666273e-03
2.766938521191477599e-03
2.803868744671344712e-03
2.792116136103868496e-03
2.782346511110663553e-03
2.781638029068708284e-03
2.785535627007484569e-03
2.781188137531280611e-03
2.781473763734102454e-03
2.788512354344129494e-03
2.790864491462707441e-03
2.792334494888782347e-03
2.788279412686824662e-03
2.776658277213573268e-03
2.793733473122120108e-03
2.795199492722749701e-03
2.785770627707242868e-03
2.777382905185222465e-03
2.789071316570043355e-03
2.783312702849507353e-03
2.778550220578908728e-03
2.797096476852893761e-03
2.780024740993976545e-03
2.773132335767149962e-03
2.781321615725755765e-03
2.787533545419573679e-03
2.792319060713052779e-03
2.778582248240709165e-03
2.776787628456950287e-03
2.794103160351514657e-03
2.782959078997373527e-03
2.772972195968032016e-03
2.771158871278166930e-03
2.784250653535127757e-03
2.779099946767091961e-03
2.775610519722103865e-03
2.776212047040462361e-03
2.787304810285568240e-03
2.776379391029477287e-03
2.776621935218572673e-03
2.787838534191250644e-03
2.777460252344608142e-03
2.772363973557949012e-03
2.782308130264282264e-03
2.782382319718599163e-03
2.777468430399894928e-03
2.785210075676441011e-03
2.772765259966254205e-03
2.776498855575919213e-03
2.768195669725537385e-03
2.783148845285177402e-03
2.786386687010526664e-03
2.772327024638652875e-03
2.772547371536493183e-03
2.770266292989253913e-03
2.773757554143667110e-03
2.771925685703754364e-03
2.774559961110353423e-03
2.772213938981294562e-03
2.768432916626334221e-03
2.777650743424892391e-03
2.774623382389545308e-03
2.772149740979075634e-03
2.780659714564680859e-03
2.767506136745214416e-03
2.781956588774919369e-03
2.768391452431678747e-03
2.773628573864698587e-03
2.758515768498182204e-03
2.763643022105097789e-03
2.775231838375330062e-03
2.765912993848323662e-03
2.774117394536733568e-03
2.767226184681058007e-03
2.761470280289649807e-03
2.767362545877695250e-03
2.770207381919026577e-03
2.765058048963546684e-03
2.769138731658458627e-03
2.767285970300435889e-03
2.773403622061014050e-03
2.762643365263938843e-03
2.756885749250650389e-03
2.769797835052013272e-03
2.779620826169848253e-03
2.765688140988349988e-03
2.760983909964561441e-03
2.761298786550760425e-03
2.765822759419679731e-03
2.769719878584146321e-03
2.764855885505676254e-03
2.765605626404285620e-03
2.752055816352367429e-03
2.763617099374532805e-03
2.761929920762777428e-03
2.769841711223125415e-03
2.754654180556535912e-03
2.769765463545918651e-03
2.765181346684694209e-03
2.758754299581050919e-03
2.757301789894700192e-03
2.770107790604233941e-03
2.756703830510378022e-03
2.769690217897296126e-03
2.757132322192192009e-03
2.772957936823367952e-03
2.775465263649821122e-03
2.755692425072193280e-03
2.752754463106393996e-03
2.766817587763071261e-03
2.767567929625510976e-03
2.766029337644576938e-03
2.760087773837149351e-03
2.755705776140093821e-03
2.761839077323675114e-03
2.760728298649191802e-03
2.763232824355363933e-03
2.756044852957129435e-03
2.751377315670251820e-03
2.747452216520905426e-03
2.759522331506013976e-03
2.754108170494437048e-03
2.748661549389362461e-03
2.766258820146322121e-03
2.744636520296335046e-03
2.758013140410184912e-03
2.769060859829187288e-03
2.749068767279386639e-03
2.740517020151018914e-03
2.756223807632923132e-03
2.744761937335133632e-03
2.755523060336708893e-03
2.755690201893448883e-03
2.749013510793447707e-03
2.763847620040178320e-03
2.756492061056196700e-03
2.744134082049131448e-03
2.744485101997852505e-03
2.755652800053358126e-03
2.763541461527347590e-03
2.756624111905693966e-03
2.763480838537216242e-03
2.742889939174055890e-03
2.754144729450345216e-03
2.745822481215000332e-03
2.755545654371380736e-03
2.754289465099573047e-03
2.752694614529609465e-03
2.746818962544202592e-03
2.740794881954789104e-03
2.769435133188963109e-03
2.736325749903917130e-03
2.750515469685196803e-03
2.753256922066211511e-03
2.753056853264570364e-03
2.762649672776460678e-03
2.740234329290687845e-03
2.751536901816725635e-03
2.747490654438734109e-03
2.753446833565831049e-03
2.739424463510513243e-03
2.743809087797999171e-03
2.748060234636068473e-03
2.751523785702884341e-03
2.751818808317184513e-03
2.749554620087146968e-03
2.746413313597440616e-03
2.749521672129631028e-03
2.749982267320156236e-03
2.739844307973980913e-03
2.745197085142135531e-03
2.750085944831371330e-03
2.746297319903969608e-03
2.745449902862310589e-03
2.755698705241084283e-03
2.738831803053617692e-03
2.749424841813743157e-03
2.738331695646047809e-03
2.754346886426210610e-03
2.745789863318204901e-03
2.734554950371384605e-03
2.742934477776288842e-03
2.751187046766280942e-03
2.746743253394961538e-03
2.743052021116018386e-03
2.751344097033142991e-03
2.731071436405181803e-03
2.733983871117234062e-03
2.734097211211919919e-03
2.752732098102569393e-03
2.743503981865942284e-03
2.733913558721542264e-03
2.746997326612472465e-03
2.738707952350378193e-03
2.741143917739391131e-03
2.740338130146265008e-03
2.750400324314832869e-03
2.737216530740260983e-03
2.743730835691094230e-03
2.749346330910921229e-03
2.736690347194671840e-03
2.731702562719583519e-03
2.750846305638551727e-03
2.739406538456678336e-03
2.733820527493953552e-03
2.745275266245007523e-03
2.737348136678338043e-03
2.738729286342859223e-03
2.737281355261802877e-03
2.748445820696652098e-03
2.747227421849966073e-03
2.724638674035668572e-03
2.742710667252540747e-03
2.744199773371219613e-03
2.730681155920028618e-03
2.735525227710604648e-03
2.735375806912779609e-03
2.743840033560991220e-03
2.732568294554948898e-03
2.746779814288020233e-03
2.736898576021194480e-03
2.730281436815857991e-03
2.737827706523239622e-03
2.739930586069822243e-03
2.739332818090915896e-03
2.734490190520882501e-03
2.734320895895361956e-03
2.738513574823736932e-03
2.737141704708337918e-03
2.728713013902306622e-03
2.741234612017869922e-03
2.735517154783010437e-03
2.728932807296514679e-03
2.735701879784465003e-03
2.735621711313724648e-03
2.734255639016628346e-03
2.724541964083909956e-03
2.739804686903953620e-03
2.723916644304990708e-03
2.746379208415746648e-03
2.721737899482250082e-03
2.726427063047885940e-03
2.734729910641908648e-03
2.732847387492656505e-03
2.716830232888460192e-03
2.730000710859894607e-03
2.727565806433558324e-03
2.737622511386871536e-03
2.723497332036495158e-03
2.728408547267317710e-03
2.722386733368039290e-03
2.726873159855604332e-03
2.735136682540178447e-03
2.722908550649881174e-03
2.726950022354721927e-03
2.723237921446561727e-03
2.728209789618849575e-03
2.726793058067560234e-03
2.720882987007498723e-03
2.724793717376887588e-03
2.727482821866869956e-03
2.726045464202761590e-03
2.712924664169549891e-03
2.722855714112520139e-03
2.732816916182637026e-03
2.720153294056653921e-03
2.717426509372890004e-03
2.719303323924541441e-03
2.729485878199339015e-03
2.726452677249908366e-03
2.712832499966025268e-03
2.722494358569383602e-03
2.725304008945822823e-03
2.729015578031539734e-03
2.724300420582294498e-03
2.721472431719303055e-03
2.724741985425353005e-03
2.745110019147396167e-03
2.721493357196450111e-03
2.722184448763728323e-03
2.729827747642993730e-03
2.733070898056030353e-03
2.732250368371605658e-03
2.715807629972696174e-03
2.722238527312874877e-03
2.721083744689822403e-03
2.719134530648589093e-03
2.719651719331741321e-03
2.742030497193336316e-03
2.723383059352636314e-03
2.718715814501046924e-03
2.727244692668318732e-03
2.712684638947248338e-03
2.725181512832641501e-03
2.718068657293915610e-03
2.723343683034181763e-03
2.717331468164920806e-03
2.712061313092708429e-03
2.726355574876070109e-03
2.724694039598107506e-03
2.718815489113330860e-03
2.720861973315477460e-03
2.723651722222566584e-03
2.716421665474772623e-03
2.719257107749581490e-03
2.724689593687653483e-03
2.726043027341365759e-03
2.714617933258414457e-03
2.720010984987020469e-03
2.723467614948749723e-03
2.720242525413632192e-03
2.701055870130658013e-03
2.725648889094591139e-03
2.716340593695640640e-03
2.707229025214910687e-03
2.718296116739511541e-03
2.721578163504600589e-03
2.722046321257948730e-03
2.712598366066813673e-03
2.711076341122388780e-03
2.717867363691329769e-03
2.728155779838562119e-03
2.720343649536371370e-03
2.713196197152137681e-03
2.710781874805689041e-03
2.709867451936006331e-03
2.719871028587222007e-03
2.709863315671682225e-03
2.716734377741813686e-03
2.710652880743145976e-03
2.705552016273140778e-03
2.720430291593074583e-03
2.706381194591522040e-03
2.701038860529661207e-03
2.711555257439613505e-03
2.711380106806755060e-03
2.703094667345285439e-03
2.722331969141959969e-03
2.710374100580811678e-03
2.718615551888942713e-03
2.713563962280750308e-03
2.714760200306772994e-03
2.700511176586151141e-03
2.711840411797165895e-03
2.693579705357551646e-03
2.716428923010826089e-03
2.713446235582232541e-03
2.711511885672807879e-03
2.706310238540172389e-03
2.714173631966113834e-03
2.711888234764337716e-03
2.710408076345920559e-03
2.713515772819518994e-03
2.707352494001388516e-03
2.710831165462732409e-03
2.695256859436631278e-03
2.714134797006845495e-03
2.712851905450224844e-03
2.704817827865481448e-03
2.717261661812663161e-03
2.694569217860698623e-03
2.710278835967183057e-03
2.709905100539326730e-03
2.709746660068631120e-03
2.706470208764076221e-03
2.718098465651273572e-03
2.698776085078716160e-03
2.723803603500127811e-03
2.708461390584707053e-03
2.699223119840026084e-03
2.706536784619093059e-03
2.707201510146260096e-03
2.704074066132306983e-03
2.704368966221809556e-03
2.708754467815160591e-03
2.712749834731221187e-03
2.699332768023014143e-03
2.702807102501392569e-03
2.705214658379554923e-03
2.700481515601277187e-03
2.701029591932892649e-03
2.696444628387689637e-03
2.706627353578806069e-03
2.709705239012837486e-03
2.702081027701497187e-03
2.693971440419554858e-03
2.706913383379578545e-03
2.707226796150207469e-03
2.711247823610901664e-03
2.701577580571174614e-03
2.701172212734818424e-03
2.700993193462490876e-03
2.707317313551902641e-03
2.696669159233569969e-03
2.702677637338638146e-03
2.699997691512107979e-03
2.700402300879359372e-03
2.702790848165750361e-03
2.705226612091064277e-03
2.700806457027792821e-03
2.696026791185140645e-03
2.702685749232768952e-03
2.701121349483728319e-03
2.693255461007356723e-03
2.687967116832733032e-03
2.715922151505947065e-03
2.692146937027573451e-03
2.695427841097116674e-03
2.704641596898436744e-03
2.703425248265266603e-03
2.692389585375785932e-03
2.703270706683397369e-03
2.695262940973043326e-03
2.689733250439166942e-03
2.702336662262678352e-03
2.715619624257087708e-03
2.699916473478078914e-03
2.689213617369532426e-03
2.697216317281126829e-03
2.705695583969354792e-03
2.694423585310578260e-03
2.691204603016376408e-03
2.713154771178960707e-03
2.693453631550073689e-03
2.697960555888712347e-03
2.686737841144204008e-03
2.694450476169586110e-03
2.697518076151609635e-03
2.694067263305187192e-03
2.695785633474588345e-03
2.695211384072899660e-03
2.693760871812701362e-03
2.698156591355800431e-03
2.691411160230636809e-03
2.691035448014736028e-03
2.691947462111711400e-03
2.699280652999877777e-03
2.691915594190359261e-03
2.693510570228099636e-03
2.691413744501769401e-03
2.686549626216292244e-03
2.700918964147567842e-03
2.704940052777528737e-03
2.697556914538145126e-03
2.697149653732776493e-03
2.690026818662881718e-03
2.698515220880508617e-03
2.695731673538684717e-03
2.681786590963602078e-03
2.691067525073885958e-03
2.691122376844286897e-03
2.699865700565278609e-03
2.692140236347913881e-03
2.686765969246625915e-03
2.692768189832567965e-03
2.699023574143648036e-03
2.691060002297163221e-03
2.694440742433070954e-03
2.702171776592731268e-03
2.687012092024087910e-03
2.702634008601307800e-03
2.694696700051426880e-03
2.697423330396413795e-03
2.682658157125115527e-03
2.697848994880914716e-03
2.689358920156955605e-03
2.687558495700359280e-03
2.688575458079576347e-03
2.697154149562120285e-03
2.679630522131919851e-03
2.683608867526054553e-03
2.686496608182788008e-03
2.692223135679960421e-03
2.689695940800011006e-03
2.691439715921878969e-03
2.690084383785724693e-03
2.686962291896343238e-03
2.685756069570779773e-03
2.680843534767627778e-03
2.688220082521438747e-03
2.686031694710254783e-03
2.681954997032880584e-03
2.679998460784554452e-03
2.687831842601299398e-03
2.682557709962129795e-03
2.684331851005554090e-03
2.699579443633556234e-03
2.682942836135625807e-03
2.692732369452714714e-03
2.680978099927306107e-03
2.706516442820429587e-03
2.683176162913441642e-03
2.682116705477237840e-03
2.693623400181532034e-03
2.676022517755627557e-03
2.684789588972926345e-03
2.688353433907031929e-03
2.675894977748393810e-03
2.686137679368257730e-03
2.673935352712869442e-03
2.675245327651500690e-03
2.696561923250555964e-03
2.686278493106365045e-03
2.688597357124090318e-03
2.674945065528154271e-03
2.682682083621620948e-03
2.694349857866764134e-03
2.670911648869514314e-03
2.684391005635261736e-03
2.679628463387489275e-03
2.671688832938670915e-03
2.684429575875401514e-03
2.680386896580457760e-03
2.678449115492403682e-03
2.697822396457195092e-03
2.681975058838725195e-03
2.682569402605295122e-03
2.672053934410214323e-03
2.679353248924017019e-03
2.680855877846479319e-03
2.675952399149536878e-03
2.684411336630582613e-03
2.690471672415733172e-03
2.676289193034172079e-03
2.680661911666393400e-03
2.689306227043271151e-03
2.677368743121623981e-03
2.675115204602479969e-03
2.689946407973766232e-03
2.670046411156654434e-03
2.681669645756483249e-03
2.677461497038602888e-03
2.684151913374662433e-03
2.674821447953581750e-03
2.670056823566556176e-03
2.681939166113734251e-03
2.682337460368871846e-03
2.673607627004385198e-03
2.684681456908583844e-03
2.681245637089013992e-03
2.671162274330854403e-03
2.674813333302736382e-03
2.685155968517064992e-03
2.681278614103793905e-03
2.681564526855945586e-03
2.676555124409496760e-03
2.667462914586067255e-03
2.672544523030519290e-03
2.683933372646570177e-03
2.679170053750276614e-03
2.666983425319194734e-03
2.687188374251127127e-03
2.674661379754543402e-03
2.662647771686315733e-03
2.685783685818314646e-03
2.668156492635607741e-03
2.660486087203025717e-03
2.690712156370282226e-03
2.674400483220815746e-03
2.686895988732576190e-03
2.676213626526296324e-03
2.669742439985275332e-03
2.669559803903102674e-03
2.685242960527539462e-03
2.677759351208806003e-03
2.671043785512447304e-03
2.673756370693445347e-03
2.676095912456512554e-03
2.664670886658131958e-03
2.677132712900638731e-03
2.684861793741583937e-03
2.669010505005717238e-03
2.669837378263473487e-03
2.666279293149709500e-03
2.671495945006608849e-03
2.677515017352998048e-03
2.677811509221792331e-03
2.675360990092158324e-03
2.660849072188139000e-03
2.667116835713386706e-03
2.681740109622478361e-03
2.671949354484677141e-03
2.668048884570598748e-03
2.666452388241887135e-03
2.673920222222805031e-03
2.672514368444680981e-03
2.673790192157029979e-03
2.671434076800942217e-03
2.672808310836553587e-03
2.681425231695175066e-03
2.666788151413202086e-03
2.665862815529107966e-03
2.671469341218471547e-03
2.656866875588893839e-03
2.677563789188861822e-03
2.671235574483871601e-03
2.661806181147694569e-03
2.674419959485530886e-03
2.669073950350284684e-03
2.669361236914992268e-03
2.683972683697938722e-03
2.671232341378927243e-03
2.671312294080853324e-03
2.664511743560433327e-03
2.679500393569469573e-03
2.677365671843290329e-03
2.667225908413529360e-03
2.667596401944756501e-03
2.659474049657583380e-03
2.668440794646740125e-03
2.673586741909384553e-03
2.670645430162548947e-03
2.661486698761582250e-03
2.661786627247929565e-03
2.670989637523889498e-03
2.660941015332937178e-03
2.664621970579028002e-03
2.662030305787921151e-03
2.665951444804668530e-03
2.672924137264490272e-03
2.661643528714775948e-03
2.656744198650121905e-03
2.675068814381956900e-03
2.663115922212600743e-03
2.661776352897286292e-03
2.675231098458171006e-03
2.650276685729622845e-03
2.676909318789839898e-03
2.666483276188373695e-03
2.669854058697819759e-03
2.660314254015683916e-03
2.664380154162645370e-03
2.662402096986770522e-03
2.666217104569077595e-03
2.662494475021958459e-03
2.661016973704099543e-03
2.671393523663282213e-03
2.661803099885582790e-03
2.656147955507040005e-03
2.664317311048507511e-03
2.669968457818031309e-03
2.670399589389562713e-03
2.655905321314930897e-03
2.653929733037948668e-03
2.664857185184955554e-03
2.657922653034329365e-03
2.676584558635950080e-03
2.652177439630031518e-03
2.668638010472059070e-03
2.654360583946108621e-03
2.670105353295803077e-03
2.678542811274528361e-03
2.662056261450052464e-03
