1.319033119242191354e+00
3.646192672014236108e-02
2.346888959527015581e-02
1.820044153034687182e-02
1.515051790356636112e-02
1.372606460899114533e-02
1.250545389115810362e-02
1.224120051503181476e-02
1.037866054624319093e-02
1.040751431822776844e-02
9.616941715478896993e-03
8.593271053433418696e-03
8.226884931921958286e-03
7.673037923872470453e-03
7.439451132863759628e-03
7.206119767129421164e-03
6.509458868354559349e-03
6.092378654778003375e-03
5.995036823749542131e-03
5.549945554137229731e-03
5.445227262973785509e-03
5.030518063306808896e-03
5.425672890543937511e-03
4.581405064463615201e-03
4.640767852216958964e-03
4.790793280154466253e-03
4.308763951659203006e-03
4.277809541523456757e-03
4.247852552384138308e-03
4.208570245057344228e-03
4.019062582850456596e-03
4.373881767988204751e-03
3.734642779827118068e-03
3.807518497407436173e-03
4.012968496233225088e-03
3.388814262077212338e-03
3.880807612463831827e-03
3.484955218806862903e-03
3.496167603209614748e-03
3.273310422673821486e-03
3.363413826376199667e-03
3.500934662148356361e-03
3.547629062905907540e-03
3.173340238556265642e-03
3.074340793043374952e-03
3.352141007632017302e-03
3.229574771523475562e-03
3.156236097961664152e-03
3.555733681917190407e-03
2.966752083525061451e-03
2.879975005313754107e-03
2.821712978221476136e-03
3.132427517957985224e-03
2.982445887625217486e-03
2.734035473167896468e-03
3.001356350183486971e-03
3.107991842776536978e-03
2.772585732266306772e-03
3.207887881398200931e-03
2.315871648229658481e-03
2.799970932155847452e-03
2.655107815414667078e-03
2.445960391052067091e-03
2.961691158413886846e-03
2.633162129297852462e-03
2.732073948197066664e-03
2.594546356908976857e-03
2.809860889688134324e-03
2.603932194411754698e-03
3.016215464696288002e-03
1.965683687664568271e-03
2.626752873361110855e-03
2.596579171568155417e-03
2.477994855418801188e-03
2.305743998810649061e-03
2.614332238286733688e-03
2.468062152191996452e-03
2.453303334489464766e-03
2.321616342738270795e-03
2.469785430431365846e-03
2.467099901586770894e-03
2.915947187431156429e-03
2.389974230825900933e-03
2.269453701823949919e-03
2.273659704029560268e-03
2.523671047985553799e-03
2.352229971587657936e-03
2.411806086339056410e-03
1.963679704591631860e-03
3.043189665451646007e-03
2.279549126699566709e-03
2.084940329715609386e-03
2.345434506013989364e-03
2.513381291404366644e-03
2.134289126768708095e-03
2.018361670672893723e-03
2.636622828133404223e-03
1.886282451823353664e-03
2.363321148529648908e-03
2.186539447829127444e-03
2.047604261115193447e-03
2.158843306861817773e-03
2.218161407187581140e-03
2.202637182399630467e-03
2.078456944599747606e-03
2.409900099188089576e-03
1.838583657965064131e-03
2.243474517762660946e-03
2.197851002477109461e-03
2.169424395337701036e-03
2.290458019077777976e-03
2.181038181483745727e-03
2.228300562947988471e-03
1.917955847904086186e-03
2.128060222230851537e-03
1.849354307577013874e-03
2.312813249081373083e-03
1.866492235474288483e-03
2.111692711710929857e-03
2.073977285288274193e-03
1.890981649793684483e-03
2.140309533812105591e-03
1.951269030347466561e-03
1.912177981771528805e-03
1.934472238123416832e-03
2.102434046491980651e-03
2.016789859868586225e-03
1.819500504434108787e-03
2.203615924604237272e-03
1.886722092255950023e-03
1.910374863818287789e-03
1.830733536928892159e-03
2.321443439796567077e-03
1.979932207167148673e-03
1.714959870874881815e-03
2.150583933331072332e-03
1.870329381339252061e-03
1.804283261895179647e-03
1.748062912002205840e-03
2.107430621162057101e-03
2.084904602989554392e-03
2.115571706891059695e-03
1.867158947065472542e-03
1.880415122900158231e-03
2.065648877248167994e-03
2.037307975292205857e-03
1.818833404928445760e-03
1.750534358248114538e-03
1.933261100687086627e-03
1.624911287017166694e-03
2.172045928314328238e-03
1.938192842826247202e-03
1.887580085042864057e-03
1.772835250906646320e-03
2.035179317519068571e-03
1.718396617472171773e-03
1.900101971775293441e-03
1.678363319449126647e-03
2.054452435895800805e-03
1.535724763721227565e-03
2.288435423746704948e-03
1.612868870869278975e-03
1.747830469608306798e-03
2.012188851013779669e-03
1.861535674259066648e-03
1.605853647589683452e-03
2.432845438756048740e-03
1.549771464690566109e-03
2.258855003640055856e-03
1.573069085814058840e-03
1.755691153369843931e-03
1.793763070553541176e-03
2.093843381404876611e-03
1.535446130335331059e-03
1.802593070380389788e-03
1.925961024574935525e-03
2.040764899738132989e-03
1.735678385645151060e-03
1.787092913184314949e-03
1.858671061620116235e-03
1.862048524394631279e-03
1.581588811576366532e-03
1.860090545415878267e-03
1.776976213194429981e-03
1.616012829840183336e-03
2.098058313205838302e-03
1.514122065156698303e-03
1.813876408115029258e-03
1.817559508904814615e-03
1.516605171710252867e-03
1.723553471267223443e-03
1.808226058483123743e-03
1.738923709057271522e-03
1.732124193236231737e-03
1.487257011085748714e-03
1.799530437588691767e-03
1.721561137177050026e-03
1.770208273679017928e-03
1.622288618944585413e-03
1.693113837018609151e-03
1.569500636532902707e-03
2.088015528321265999e-03
1.769635778069496073e-03
1.361652716267853927e-03
2.106375538483262061e-03
1.691568552367389306e-03
1.744510570727288677e-03
1.598715332746505815e-03
1.626052626520395252e-03
2.040963359102606831e-03
1.540574457608163451e-03
1.642279627025127310e-03
1.552003864012658661e-03
1.681401102319359702e-03
1.472059045732021423e-03
1.586105585545301462e-03
1.694161477871239125e-03
1.469636410549283014e-03
1.750826306641101865e-03
1.479387683011591488e-03
1.984259033240377834e-03
1.654315863773226725e-03
1.595661573112010928e-03
1.463989135026931869e-03
1.893547998927533555e-03
1.461050416193902454e-03
2.119596729800104964e-03
1.356645417772233547e-03
1.916922872141003670e-03
1.412445504330098536e-03
1.566093924790620774e-03
1.766812270693481068e-03
1.490172895193099881e-03
1.904509454704821081e-03
1.712970726788043884e-03
1.524623484238982153e-03
1.643454758021980610e-03
1.545972805395722394e-03
1.637421484440565152e-03
1.753117669858038396e-03
1.302030654922127625e-03
1.881351519450545368e-03
1.331352145001292279e-03
1.792456979155540499e-03
1.493276498727500465e-03
1.717143749855458727e-03
2.251946140211075718e-03
1.356892030313610947e-03
1.632233588881790631e-03
1.507821726799011284e-03
1.395032374188303866e-03
2.412212995328009198e-03
1.849271980412304497e-03
1.359942800924181846e-03
1.469704508744180309e-03
2.185192182809114498e-03
1.365508858188986758e-03
1.646826507747173405e-03
1.553917561285197719e-03
1.427146613523364070e-03
1.948483617156744098e-03
1.399611199386417790e-03
1.392221780344843774e-03
2.087588894590735288e-03
1.279496131334453921e-03
1.531320920009165932e-03
1.494601811692118599e-03
1.515372606217861139e-03
1.666970587968826228e-03
1.485900505818426708e-03
1.373438260890543373e-03
1.553222811296582151e-03
1.826905442960560354e-03
1.257155206575989639e-03
1.839370722994208233e-03
1.522326680645346569e-03
1.400280582755803957e-03
1.758413698375225175e-03
1.288158725090324773e-03
1.375360729880630928e-03
1.556691209897398962e-03
2.058238740563392722e-03
1.586450398601591504e-03
1.221644072644412432e-03
1.607820343337953159e-03
1.465226499736309003e-03
1.361203169524669541e-03
1.604405846521258410e-03
1.400507508758455557e-03
2.167598900943994503e-03
1.185997260324657063e-03
1.924031704310327816e-03
1.137783635519444862e-03
1.809049025662243454e-03
1.394527155980467698e-03
2.075689006559550565e-03
1.489045244157314197e-03
1.436788974255323375e-03
1.335409002825617853e-03
1.972985088378191067e-03
1.345893563777208427e-03
1.416379040703177536e-03
1.338632693588733729e-03
1.451315695419907537e-03
1.545478844232857319e-03
1.620965095534920722e-03
1.580008730441331919e-03
1.304574319347739193e-03
1.694200758021324835e-03
1.296655563339590977e-03
1.448104630783200166e-03
1.707714950852095995e-03
1.324374734796583729e-03
1.549647318385541372e-03
1.525427134558558512e-03
1.530316595397889510e-03
1.256072237957268911e-03
1.411748486123979174e-03
1.698162649199366596e-03
1.366353357397019803e-03
1.864180360436439596e-03
1.218682695552706806e-03
1.681878428757190708e-03
1.199420278444886159e-03
1.683732379302382539e-03
1.809518972113728467e-03
1.828377562090754537e-03
1.061385372765362173e-03
1.599072178751230174e-03
1.198383846133947326e-03
1.618572256546467643e-03
1.731742500197142260e-03
1.343370094113051968e-03
1.634841604270041064e-03
1.284220474213361701e-03
1.598501554951071643e-03
1.855337054599076434e-03
1.243309672959148860e-03
1.255618063583970132e-03
1.565136473514139748e-03
1.725550049990415627e-03
1.413242471702396861e-03
1.395703624114394154e-03
1.249431504458189046e-03
1.966696009635925287e-03
1.522746305838227308e-03
1.379579587932675986e-03
1.843349687159061409e-03
1.258090037330984994e-03
1.507397084310650856e-03
1.391638884786516352e-03
1.354730188064277212e-03
1.379206254743039605e-03
1.417709435224533132e-03
1.315855020806193246e-03
1.748183096684515370e-03
1.176917051821947105e-03
1.575323858745396191e-03
1.352775794044136937e-03
1.507839524261653371e-03
1.442390331774949953e-03
1.127724697217345144e-03
1.488108588233590232e-03
1.421757362261414498e-03
1.493646169044077297e-03
1.487152946852147517e-03
1.345918986462056556e-03
1.393415110036730874e-03
1.352083321940153807e-03
1.299649037569761264e-03
1.389637171253561886e-03
1.456243157163262299e-03
1.643055403530597645e-03
1.537180007863789884e-03
1.469820412509143318e-03
1.188726818785071403e-03
1.367501350343227435e-03
1.332819540500640833e-03
1.309393089301884089e-03
1.478287226557731563e-03
1.502491146400570816e-03
1.161997612789273217e-03
1.385849940255284417e-03
1.522340435609221502e-03
1.375735865086317143e-03
1.500207382515072714e-03
1.385483032241463693e-03
1.164898958094417970e-03
1.441225009933113982e-03
1.381015258580446312e-03
1.377789360433816831e-03
1.266533626280725005e-03
1.281351659074425695e-03
1.421440668702125517e-03
1.615365218855440614e-03
1.519354127291589916e-03
1.249197672940790616e-03
1.295392007753252929e-03
1.379339672923088171e-03
1.588285232037305863e-03
1.415527517050504600e-03
1.419047765582799950e-03
1.213220250047743242e-03
1.594436250366270541e-03
1.224506340399384450e-03
1.343419559374451700e-03
2.090198297202587336e-03
9.387074125371873499e-04
1.732737507298588806e-03
1.498535041436553032e-03
1.169003917761147083e-03
1.334386542141437551e-03
1.710841174796223557e-03
1.373640432246029308e-03
1.248802108243107865e-03
1.384355093128979228e-03
1.199327980801463082e-03
1.428460573405027339e-03
1.256220480799674979e-03
1.612620843164622696e-03
1.181031751111149761e-03
2.148356261849403408e-03
1.087701477110385867e-03
1.587603200376033839e-03
1.331874207891523909e-03
1.162625115364790017e-03
1.777508447319269208e-03
1.653674231134355087e-03
1.130533073022961564e-03
1.243774772994220290e-03
1.698357913959771311e-03
1.313947843015193882e-03
1.538859951458871386e-03
1.204687009900808330e-03
1.399536621496081431e-03
1.452439222354441964e-03
1.340818909481167808e-03
1.298320208676159411e-03
1.196001829691231222e-03
1.514264197312295383e-03
1.092190139908343635e-03
1.657637806013226430e-03
1.369674560204148239e-03
1.713045629747211905e-03
1.091929855644702824e-03
1.282836240977048951e-03
1.254098428245633765e-03
1.287305802777409525e-03
1.447201146520674239e-03
1.474839851856231746e-03
1.295371959097683457e-03
1.298020486608147646e-03
1.884750894159078517e-03
1.196730601824820030e-03
1.205747902169823724e-03
1.491231299377977900e-03
1.234568869918584774e-03
1.140193143170327005e-03
1.367225342392921431e-03
1.690371092129498666e-03
1.096772568039596028e-03
1.238408727720379920e-03
1.406056388914585144e-03
2.010465282276272577e-03
1.031603827849030507e-03
1.105549283511936742e-03
1.392793027088046025e-03
1.164453469105064878e-03
1.556175302937626943e-03
1.719952684361487688e-03
1.094328104704618554e-03
1.161532775983214376e-03
1.239540185406804189e-03
1.231818538736552089e-03
1.421356802731752302e-03
1.406263392493128754e-03
1.281083387620747050e-03
1.190780096091329995e-03
1.335175392515957314e-03
1.217374777272343727e-03
1.698991701565682891e-03
1.329880420602857962e-03
1.156702370010316344e-03
1.341817031875252794e-03
1.136801179721951514e-03
1.501794952899217521e-03
1.532650501728057956e-03
1.343709642067551693e-03
1.092272032946348158e-03
1.325494270324707041e-03
1.203322286158800157e-03
1.934864051006734325e-03
1.153335025273263424e-03
1.426194763109087842e-03
1.187477186433970842e-03
1.276844036541879184e-03
1.182141294181346869e-03
1.281578658092766927e-03
1.372471700124442470e-03
1.053181342631578530e-03
1.316261190399527518e-03
1.537221729829907520e-03
1.369043006263673300e-03
1.231980947908014159e-03
1.035640854742378002e-03
1.249141231179237265e-03
1.352258528135716863e-03
1.191278593838214972e-03
1.463646909259259769e-03
1.117368504554033196e-03
1.230763498917221942e-03
1.199417809769511142e-03
1.462619201689958643e-03
1.268068378791213039e-03
1.171382797788828598e-03
1.553126855976879597e-03
1.268118483349680962e-03
1.280968894436955441e-03
1.258698235917836417e-03
1.286760270781815013e-03
1.135631419010460453e-03
1.162157304249703807e-03
1.333588633686304085e-03
1.684633898250758547e-03
9.543945184536278045e-04
1.494973827786743583e-03
1.165668272804468815e-03
1.356058371998369655e-03
1.290374794453382585e-03
2.080477682463824883e-03
1.022170372568070992e-03
1.276888035684823914e-03
1.277396250069141479e-03
1.153218299299478555e-03
1.522550270631909362e-03
1.603275287523865753e-03
1.061461968123912723e-03
1.609869333170354470e-03
1.064603826235979711e-03
1.206670523639768447e-03
1.297451076582074262e-03
1.163848027288913629e-03
1.276567277219146446e-03
1.565242312364280167e-03
1.170926838070154158e-03
1.350468131471425394e-03
1.162513458579778752e-03
1.506413593925535772e-03
1.247832213025540067e-03
1.060274978578090678e-03
1.315479750558733911e-03
1.500191970467567529e-03
1.246833185814321104e-03
1.077880377694964307e-03
1.379554902259260427e-03
1.324908893592655675e-03
1.996312241405248742e-03
9.770952912792564473e-04
1.093258861675858434e-03
1.533037021756172283e-03
1.500134383328259081e-03
1.174049671664833920e-03
1.309379200264811517e-03
1.625712777674198119e-03
9.523168291896581599e-04
1.420323000140488127e-03
1.071519923880696282e-03
1.216276828534901136e-03
1.254435830358415849e-03
1.099856422394514081e-03
1.536445712149143257e-03
1.185446449555456602e-03
1.121638499461114500e-03
1.268526751250028620e-03
1.198918528631329455e-03
1.259950788356363829e-03
1.303750834055245012e-03
1.452822495847940496e-03
1.112070083543658262e-03
1.212040341496467555e-03
1.435231786258518716e-03
1.071210500653833235e-03
1.134923040717840262e-03
1.279395914040505839e-03
1.244973219782114079e-03
1.386570052225142777e-03
1.373863651566207362e-03
1.180009448304772304e-03
1.079714599326252970e-03
1.281412291079759690e-03
1.172297432869672711e-03
1.410877093411981977e-03
1.169348418861627633e-03
1.403761911168694429e-03
1.164189181886613345e-03
1.166704570837318999e-03
1.153010293692350490e-03
1.395476778298616405e-03
1.357506348080933078e-03
1.325258951038122118e-03
1.038435702789574895e-03
1.237191459033638256e-03
1.155646456703543663e-03
1.554722334593534438e-03
1.089715254381299009e-03
1.285982632599770928e-03
1.160718247145414413e-03
1.246784062907099798e-03
1.279993590451776984e-03
1.096453732103109310e-03
1.547576716542243885e-03
1.149377584718167802e-03
1.109722911044955240e-03
1.912552801780402576e-03
1.582276924960315237e-03
9.703472113236784845e-04
1.142703325748443532e-03
1.248030228130519483e-03
1.256314858198165872e-03
1.232258289307355814e-03
1.088945010676979934e-03
1.208330249451100916e-03
1.374829645808786161e-03
1.092370802238583566e-03
1.154718744680285425e-03
1.336888972595333966e-03
1.076659698262810629e-03
1.171709007807075894e-03
1.394531990513205597e-03
1.094460231512784862e-03
1.182914096470922150e-03
1.201009804606437744e-03
1.150315364040434361e-03
1.199197084419429283e-03
2.208955522179603670e-03
8.866624945402145274e-04
1.292205524481833010e-03
1.264552228227257789e-03
1.343319261856377230e-03
1.102689098566770644e-03
1.176005135774612406e-03
1.352646162044257019e-03
1.075423305761069072e-03
1.162799524739384707e-03
1.248920600302517482e-03
1.144549781735986404e-03
1.080967575646936971e-03
1.837185095101594862e-03
9.956244858726859097e-04
1.206164954453706846e-03
1.127490230612456738e-03
1.130643287785351291e-03
1.477409376576542793e-03
1.241662357784807788e-03
1.547635463699698543e-03
1.051256732586771173e-03
1.178753380551934198e-03
1.135818736143410146e-03
1.108251450490206538e-03
1.185939365290105242e-03
1.231114466711878729e-03
1.304203797951340726e-03
1.082500989474356095e-03
1.289659872390329755e-03
1.282078335545956986e-03
1.243969687093049274e-03
1.252852310314774573e-03
9.875141263753176458e-04
2.016304721236228739e-03
8.379136213287711197e-04
1.052806561589240920e-03
1.500404938347637759e-03
9.143326379731297419e-04
1.338695518784224986e-03
1.322494208887219384e-03
1.139811606146395135e-03
1.206272952444851490e-03
1.125310189332813125e-03
1.373457584045827346e-03
1.559059958383440976e-03
9.537103516422211751e-04
1.204060933850705601e-03
1.137830032557249045e-03
1.093336117453873107e-03
1.227639208249747729e-03
1.130394493341445880e-03
1.183136199936270661e-03
1.218328020982444373e-03
1.090906881019473081e-03
1.247054803967475971e-03
1.337897228524088759e-03
1.304054454285651435e-03
1.745732329711317983e-03
9.211812302097677815e-04
1.300528040416538619e-03
1.040239160545170351e-03
1.108383020516484890e-03
1.222380093410611185e-03
1.092811769917607272e-03
1.715504177585244110e-03
1.388105879351496721e-03
9.814817135781050018e-04
1.404360862001776712e-03
1.249412237703800095e-03
1.845447072405368002e-03
1.043547182884067403e-03
1.737080184556543880e-03
9.235107836127280905e-04
1.188146440535783801e-03
1.524454679861664752e-03
1.011558931134641254e-03
1.018648241087794296e-03
1.165368912518024427e-03
1.448824057355523141e-03
9.967960738018154503e-04
1.283367456570267589e-03
1.623249635472893710e-03
1.010665821917355140e-03
1.114144701715558778e-03
1.050107281431555788e-03
1.122641964219510619e-03
1.132095193453133133e-03
1.250830643698573044e-03
1.169292896278202641e-03
1.191069986559450565e-03
1.014014988839626215e-03
1.505519448593258761e-03
1.145046787895262312e-03
1.146798308975994617e-03
1.063956996090710148e-03
1.318416416756808740e-03
1.224547546841204138e-03
1.347612058632075742e-03
9.769992630183697672e-04
1.163305142708122774e-03
1.247444112431257994e-03
1.400618229359388428e-03
1.008385600429028209e-03
1.519920046105980921e-03
9.163375212624669253e-04
1.160246228165924499e-03
2.143936014231294460e-03
9.541262184455990853e-04
9.889951628074050358e-04
1.342141904029995215e-03
9.920632373355327965e-04
1.694349276758730458e-03
1.404761953316629010e-03
1.158439446054398969e-03
9.699458586610853203e-04
1.263691601008176766e-03
1.165365620274096646e-03
1.073744588084518973e-03
1.120910118576139277e-03
1.523787351548671655e-03
1.126952439658343878e-03
1.202914624884724717e-03
1.697502832226455106e-03
8.290092848055064531e-04
1.147205433733761246e-03
1.259606281444430398e-03
1.111260138861834990e-03
1.293329012915491990e-03
1.287718802075833030e-03
1.072751705162227048e-03
1.326258558388799472e-03
1.037894098423421466e-03
1.241557590439915613e-03
1.131472862381488172e-03
1.247885590083897120e-03
1.122069411240518046e-03
1.280710549093782820e-03
1.366375615373253841e-03
1.109019822590053082e-03
1.104777327999472564e-03
1.086966505609452717e-03
1.078187135867774479e-03
1.158922529444098536e-03
1.619308020249009142e-03
1.539794900491833589e-03
9.274080041795968897e-04
1.183424251731485027e-03
1.491724819913506491e-03
9.416104766353964673e-04
1.181717600561678393e-03
1.030947346910834417e-03
1.370668773576617277e-03
1.274781052377074904e-03
9.660813208296894572e-04
1.098357560522854369e-03
1.184908388294279467e-03
1.198321179039776299e-03
1.210030967555940059e-03
1.087874157726764768e-03
1.180265991017222498e-03
1.255221279710531154e-03
1.074836632683873194e-03
1.137043810784816797e-03
1.098975811675190900e-03
1.548443469088524576e-03
8.546405717357992643e-04
1.331412405446171779e-03
1.274743017442524478e-03
1.013024393804371447e-03
1.177917138077318572e-03
1.274663072787225347e-03
1.011294232290238081e-03
1.381768900807946914e-03
1.091551246494054835e-03
1.396430455297231711e-03
1.025121598877012799e-03
9.934780249744653170e-04
1.319389883540570806e-03
1.510989443287253384e-03
8.059420682489872208e-04
1.404502717629075052e-03
1.207017175108194337e-03
1.048848841637372870e-03
1.316736982464790286e-03
1.143853413462638923e-03
1.041911550089717016e-03
1.296005475595593537e-03
9.798689349927007259e-04
1.214783073440194126e-03
1.164986740406602581e-03
1.543534840755164542e-03
1.265184859260916686e-03
1.137154053710400957e-03
1.375396382659673780e-03
1.185504430178552920e-03
1.299659518003463791e-03
9.929887830838562100e-04
1.146756845694035278e-03
1.182363586910069016e-03
1.094542967677116386e-03
1.061023705620318600e-03
1.510282522141933367e-03
1.104213078152388363e-03
1.221897893585264594e-03
1.076792221553623781e-03
1.136591134853660954e-03
1.036992427278309991e-03
1.130684140641242215e-03
1.205070576742291438e-03
1.282861586101353155e-03
1.119126044809818201e-03
1.198854690976440844e-03
1.022538223117589861e-03
1.177832507751882174e-03
1.012696823552250913e-03
1.313463182691484727e-03
1.163107826113700914e-03
9.712100462429225974e-04
1.100649774800986158e-03
1.100785950757563131e-03
1.370334642678499139e-03
1.106722415853291777e-03
1.060586543269455327e-03
9.856255439296365307e-04
1.176697572842240426e-03
1.107488917224109170e-03
1.096239267736673264e-03
1.068880098499357676e-03
1.171963749043643558e-03
9.965965878218413163e-04
1.067592833284288596e-03
1.138006257750093838e-03
1.154667771495878747e-03
9.758571158163249597e-04
1.179659997373819387e-03
1.098787174317985768e-03
1.260431902799755317e-03
9.636019697226584201e-04
1.116493134349584495e-03
1.053085576612502365e-03
1.055269470755010883e-03
1.215993942320346818e-03
1.028070663325488573e-03
1.160961720887571493e-03
1.106526562198996595e-03
1.138842195868492151e-03
1.088138311207294522e-03
1.057577572055160920e-03
1.222685534693300751e-03
1.347217838205397181e-03
9.519772417470812390e-04
1.470061919204890743e-03
8.818095754459500052e-04
1.166892047114670341e-03
1.057208245676010804e-03
1.207285122610628680e-03
1.490966733507812034e-03
9.722878343611955415e-04
1.640002500042319396e-03
1.548812300227582484e-03
9.143659336492418943e-04
1.071204898878932088e-03
1.262433225717395600e-03
1.099676465392112820e-03
1.109241936113685443e-03
1.091568250600248677e-03
1.166494909897446575e-03
9.170318047329783975e-04
1.277813812382519150e-03
1.192164747007191244e-03
1.028847307004034442e-03
1.177562859728932413e-03
9.696312525123357891e-04
1.105698144175112181e-03
1.125276334397494861e-03
1.270494865886867032e-03
1.007674982436001327e-03
1.072239923104643727e-03
1.228041397854685857e-03
1.565067315436899755e-03
8.486332283914088713e-04
1.168419498279690697e-03
1.465354430787265327e-03
9.206369313597679129e-04
1.061679195761680572e-03
1.052533572781831107e-03
1.094787821061909278e-03
1.185734779872000232e-03
1.525770495012402457e-03
9.233814975991845413e-04
1.078006717152893553e-03
1.316929992139339537e-03
1.536656457073986475e-03
9.290903609246015495e-04
1.067027630992233847e-03
1.554999092929065319e-03
1.059184782952070272e-03
1.029000778794288574e-03
1.077264478616416551e-03
1.012621234282851156e-03
1.068277427600696676e-03
1.512991697695106321e-03
9.093298437818884972e-04
1.449496994465589508e-03
1.000619668867438984e-03
1.306498455367982375e-03
9.781095561757684274e-04
1.038130435533821637e-03
9.895346125215291871e-04
1.149197958931326945e-03
1.197928719073534020e-03
1.169348941277712634e-03
1.123617889992892683e-03
1.026371246278286057e-03
1.350149580705911016e-03
9.477024693787097559e-04
1.079184393696487046e-03
1.075450967401266012e-03
1.135173783395439402e-03
9.339999797940254540e-04
1.769405119419097810e-03
1.016018904019147127e-03
9.603120580688118612e-04
1.034705203250050600e-03
1.040452171415090542e-03
1.070870644431561308e-03
1.122097735982388166e-03
1.086246583424508487e-03
1.017552746068686341e-03
1.143208312764763899e-03
1.189090975075960148e-03
1.206491687949746939e-03
9.484546707384288247e-04
1.093540054410696051e-03
9.841788417845965045e-04
1.122058787234127492e-03
9.546638516709208709e-04
1.078524425923824397e-03
1.164608873352408324e-03
1.126078751385211837e-03
1.730085847452282957e-03
9.940185813046991965e-04
1.030833573192358040e-03
1.373216578736901304e-03
9.513388373702764489e-04
1.201327419020235474e-03
1.086622480656951719e-03
9.813495142944157149e-04
1.023424805849790535e-03
1.977062201574444986e-03
1.361432940661907185e-03
8.607900615967810105e-04
1.151863210406154454e-03
1.093160149827599468e-03
9.332625184766948695e-04
1.089089775234460726e-03
1.057262489497661591e-03
1.079856124017387637e-03
1.023052270263433367e-03
1.046730104945600009e-03
1.369230524599552093e-03
1.081223963722586622e-03
1.126024913936853489e-03
1.342828865163028145e-03
9.457918166182935739e-04
1.015766223780810917e-03
1.744818136133253518e-03
9.140616686269641003e-04
9.966388602554799095e-04
1.266777986939996489e-03
9.521990700811147753e-04
1.428940292708575765e-03
1.095905959550291320e-03
1.144447666108608201e-03
1.244322265870869120e-03
9.004089085757732138e-04
1.107214272506535160e-03
1.204934748969972149e-03
1.025494144372641938e-03
9.914542581886053810e-04
1.182172567471861816e-03
2.063871860802173573e-03
6.826440389826894098e-04
1.335184027776122008e-03
8.845513758622109519e-04
1.383328704833984438e-03
8.929721141979098239e-04
1.104469006583094597e-03
9.983498802036046022e-04
1.088159132152795869e-03
1.291321992240846133e-03
1.173722974807024037e-03
9.268164971843361388e-04
1.047185877040028665e-03
1.275314681306481332e-03
9.449719041958451124e-04
1.070088497828692187e-03
1.373526151552796268e-03
9.054474480450153476e-04
1.247333197519183076e-03
1.147547042854130247e-03
1.099162013754248707e-03
1.229283729828894219e-03
1.081624840348959036e-03
1.424889475889503949e-03
9.380934011004865699e-04
1.341099418103695005e-03
1.416933070886880128e-03
7.496411993354559116e-04
2.298628097288310697e-03
1.164196372255683030e-03
1.402799354121088936e-03
9.430977314338087570e-04
1.078345508575439442e-03
1.690216996166855196e-03
9.388351192325353634e-04
9.189454637840390643e-04
1.115699459649622345e-03
1.240466161035001270e-03
9.384334427863359361e-04
1.073964887484907997e-03
1.072009721323847727e-03
1.256883443109691172e-03
1.060435745716094974e-03
1.075829019974917271e-03
9.954323359578848632e-04
1.022819186300039313e-03
1.160125464685261322e-03
1.026049713119864390e-03
9.927030214294792296e-04
1.227143229115754347e-03
1.419587606443092290e-03
8.582761280052363410e-04
9.905538024008273424e-04
1.036945282332599194e-03
1.006364531032741044e-03
1.074336971081793273e-03
1.104879514425992923e-03
1.108937605321407309e-03
8.503716281056404635e-04
1.300833870228379962e-03
1.044661153852939617e-03
1.088174135126173401e-03
1.455064010191708859e-03
1.002429049126803964e-03
1.135053718425333563e-03
8.786356128752231256e-04
1.122345929034054184e-03
1.153670232966542194e-03
1.061685373336076826e-03
1.002424861695617444e-03
1.025732130594551568e-03
1.485027784481644667e-03
9.526227385550737345e-04
1.325077229067683250e-03
1.005098325274884777e-03
9.983427112549543916e-04
1.514918596073985173e-03
9.568466291576624037e-04
1.003079934343695549e-03
1.795539190806448408e-03
7.794265495985746054e-04
1.077433179169893368e-03
1.062233882732689346e-03
1.041236460283398706e-03
1.037554785758256848e-03
1.017439122200012236e-03
1.103557023871690017e-03
1.072406956646591511e-03
1.055953023862093608e-03
9.505356257408857212e-04
1.100666662808507659e-03
1.363469551224261514e-03
1.063633146174251982e-03
9.437754614278673739e-04
1.210182253792881860e-03
1.441843576543033094e-03
9.440675322897732792e-04
9.044398171454667889e-04
1.173241970725357516e-03
9.636742073297500238e-04
1.160463236533105418e-03
9.897487390413881297e-04
1.180086710229515936e-03
8.783755466341972495e-04
1.166903025470674132e-03
9.293911993503570831e-04
1.503343981988728047e-03
8.893803304433822374e-04
9.765322442725300539e-04
1.015134661104530062e-03
1.080094268508255536e-03
9.412479919008910493e-04
1.101981382258236490e-03
1.072293397746980088e-03
1.024192509688437013e-03
1.172907866761088410e-03
9.782281842082738918e-04
1.093988300636410680e-03
1.052457360401749592e-03
1.101912973765283715e-03
1.138385210148990228e-03
1.128156856894493030e-03
1.040338761843740897e-03
9.639615703374147153e-04
1.058997542671859162e-03
1.041843038313090743e-03
1.045153704807162340e-03
1.397506534699350517e-03
1.038900692071765717e-03
9.374184071831404789e-04
9.178497088328003853e-04
1.087444515312090436e-03
1.071671581044793178e-03
1.074037279039621396e-03
1.083340756595134761e-03
9.697267076373100418e-04
1.273789735361933670e-03
1.501048516109585677e-03
9.363372869417071337e-04
1.248078429568559014e-03
1.378772667460143476e-03
9.021174314431845871e-04
9.438780610263348015e-04
1.092842879351228454e-03
1.058167718127369901e-03
1.025140433348715324e-03
1.053558731842786037e-03
1.749288609176874194e-03
8.201574248075484738e-04
1.135717516988515863e-03
1.190582888051867428e-03
8.546244825795292974e-04
1.808439217098057206e-03
7.789021698758006457e-04
1.134487558826804054e-03
1.299802270699292484e-03
8.321836834028362856e-04
1.527059184238314590e-03
9.293840179592370750e-04
1.368477858956903322e-03
9.840367424488068431e-04
1.132936834059655729e-03
8.980883589573204762e-04
1.057690773196518332e-03
9.681584258377552449e-04
1.113852482121437852e-03
9.479488797485827916e-04
1.030671039409935532e-03
1.045711464956402756e-03
9.470469800755381947e-04
1.110440900176763506e-03
1.117948203869164074e-03
9.707141715846955791e-04
1.059914539586752575e-03
1.103295978158712462e-03
1.303730651102960082e-03
9.897540613077581567e-04
1.046677408963441868e-03
1.081859734728932328e-03
1.276010944731533620e-03
9.241312145069241783e-04
1.278757691234350298e-03
1.006746632941067166e-03
1.058821302596479712e-03
9.892099736630915671e-04
1.230160325728356938e-03
8.971428740769624719e-04
1.062331174742430504e-03
1.025763440877199180e-03
1.005977887772023776e-03
1.060338153131306109e-03
1.014136136695742516e-03
9.899289155378937066e-04
1.031508414112031549e-03
1.182053683623671527e-03
9.133714379370212353e-04
9.588115397095680042e-04
1.019619696103036361e-03
9.987004868313670378e-04
1.097288307696580971e-03
1.593940810123458405e-03
8.329197653383016301e-04
9.099702735245227643e-04
1.120167707353830278e-03
1.210289017390459758e-03
8.786132889799774109e-04
1.124460828583687642e-03
1.094578599501401127e-03
1.015266007594764139e-03
1.063763216435909247e-03
9.843877998366951185e-04
1.567110088337212792e-03
8.764199189096688689e-04
8.829661817103624712e-04
1.055934081934392556e-03
1.085075343996286332e-03
1.069024226590990995e-03
1.026375555209815566e-03
9.676926047727465617e-04
1.021887474209070201e-03
9.866413820814341068e-04
1.096152752153575511e-03
1.108964249771088404e-03
1.155279842540621847e-03
1.031895598620176336e-03
1.019978774935007167e-03
9.909057426452636853e-04
9.600297684594988811e-04
1.086530862413346730e-03
1.006574861370027052e-03
1.039021830148994900e-03
1.000479671806096945e-03
1.084993699416518216e-03
1.026094409376382801e-03
9.588024573586881663e-04
1.067398108020424854e-03
9.424190125055611524e-04
1.173163172192871577e-03
1.000388280339538968e-03
9.708213765546679476e-04
1.501908829752355732e-03
8.324042503163218368e-04
8.940085471794009201e-04
1.031529990639537629e-03
1.121166516803205095e-03
9.316904600337147816e-04
1.052029072716832237e-03
9.940234987437725385e-04
1.103380729667842366e-03
1.419256044775247562e-03
7.555399227887392519e-04
1.112380185984074982e-03
9.672828440926968616e-04
9.761021767556667030e-04
1.245794314499944471e-03
9.190001859143376393e-04
1.109461805038154149e-03
1.056971617862582143e-03
9.557123513892292919e-04
1.075001478753984064e-03
9.607053262740373675e-04
1.175578510090708644e-03
9.696454453282058340e-04
9.295583059079944987e-04
1.094830640489235628e-03
1.347091980129480311e-03
9.239760720357298842e-04
9.675188755244016779e-04
9.545906436443328796e-04
1.029819400012493141e-03
1.424363074619322978e-03
8.053525647521019189e-04
1.430339672639965951e-03
7.775172523409128438e-04
1.012844749782234504e-03
1.275661027338355737e-03
9.730197519063949916e-04
1.634409217052161696e-03
9.373271160572766965e-04
8.734764394909143477e-04
9.473569448664784622e-04
1.112383719608187700e-03
1.018263104483485169e-03
1.083249911218881704e-03
1.047589187994599300e-03
1.045086712185293353e-03
1.008063050433993368e-03
1.069527779445052142e-03
1.261897681765258286e-03
9.599697108194231486e-04
1.061615686900913664e-03
1.042293665334582259e-03
1.035446233898401278e-03
1.029083152450621218e-03
9.591960129514337042e-04
1.204706473443657158e-03
1.025423604436218657e-03
1.021749234646558658e-03
9.605651989765465323e-04
1.083412635400891368e-03
9.582348618283867327e-04
1.066842926312237989e-03
9.670981146581471288e-04
1.097841366864740851e-03
1.057302103005349674e-03
1.400717424899339779e-03
8.787593858875334145e-04
1.434639803990721794e-03
1.373493279870599505e-03
8.210487735643983050e-04
1.141683940142393080e-03
8.918567879498004664e-04
1.378057454088702860e-03
8.585106605850159871e-04
1.041542213186621687e-03
1.665434592291712779e-03
7.810009709186851957e-04
1.042079227380454534e-03
9.472062111273407865e-04
1.017089726682752267e-03
9.765189174935221331e-04
1.143497150633484031e-03
9.639917705021798337e-04
1.049443335849791718e-03
1.018621787689626135e-03
1.170211444087326585e-03
8.757338207960129297e-04
1.072336957640945831e-03
1.235071232188492954e-03
9.888652130216359342e-04
9.804745025373995566e-04
9.550859567523002636e-04
1.093893174268305377e-03
9.577964299730956643e-04
1.116050430387258543e-03
9.854964733868837139e-04
9.759781062975525327e-04
1.052020600661635313e-03
9.635325448028743802e-04
9.664264859259128360e-04
1.139500754140317356e-03
1.679253179114311833e-03
1.020850790143013097e-03
9.814394072443246003e-04
8.940487839467823163e-04
1.045293719433248092e-03
1.018200732283294253e-03
1.047356300875544469e-03
9.169386259838939067e-04
1.129665422849357058e-03
1.277503717765211995e-03
8.932320128753781611e-04
1.076710530966520354e-03
8.970779241621493986e-04
1.298759403005242266e-03
9.292813540250062596e-04
1.025125758778303855e-03
1.101214859541505562e-03
9.969694316014647475e-04
9.298636026307940733e-04
1.081925126528367502e-03
9.930782676301895973e-04
9.778192863985895201e-04
9.506045567058026263e-04
9.171081473119557402e-04
1.264676401987671834e-03
9.263065594807267256e-04
9.791745946556328680e-04
1.073614203855395317e-03
1.008746146429330068e-03
1.072821098808199097e-03
1.090469261072576045e-03
1.028666833173483676e-03
9.545317767467349649e-04
1.084802581779658898e-03
9.680145849660039183e-04
1.485271869115531527e-03
7.939740997552871722e-04
1.037536865621805282e-03
1.083690415546298110e-03
9.296954758837819473e-04
9.981293587759136523e-04
1.050269779395312120e-03
9.677421388030051736e-04
1.016440608948469089e-03
1.376011678017675975e-03
9.412348301336168977e-04
9.576484746858477748e-04
1.124144400469958725e-03
2.088012207448482638e-03
9.152452143095433880e-04
8.818561816401779231e-04
1.002134083006530913e-03
1.061762979775667231e-03
1.051739578396082000e-03
8.794361178390681889e-04
1.070951067153364357e-03
1.578330622650682934e-03
7.551646153628826207e-04
1.117339844368398297e-03
1.080294946767389836e-03
9.732403537258505844e-04
9.479631152749061745e-04
1.013995574079453853e-03
1.115736509244889081e-03
9.538600989431142863e-04
9.586228620074688884e-04
1.105609554871916879e-03
1.150051750540733320e-03
1.001620089188218167e-03
1.023789234627038277e-03
1.080706359148025410e-03
8.784432085603475051e-04
1.048367144167423144e-03
9.685615108162164187e-04
1.097147726006805811e-03
1.002116825655102825e-03
1.399977113455533979e-03
1.551140677928924483e-03
7.348567396402358714e-04
1.047625258862972236e-03
9.388408042117952785e-04
9.674122847616672223e-04
1.166159394737333044e-03
9.005557883903384051e-04
1.130844045542180477e-03
1.026772176623344437e-03
9.981109184771775299e-04
9.439586336165666077e-04
1.059871677532792014e-03
9.627227282896637676e-04
8.997930023819208012e-04
1.003284460082650266e-03
1.208195723369717657e-03
1.100851585511118235e-03
8.765054876357316780e-04
1.123225838821381327e-03
9.566655763238668744e-04
1.005588526427745764e-03
1.143591380901634678e-03
9.391040220856666960e-04
1.002406469509005632e-03
1.004117911718785654e-03
9.874529393017292701e-04
1.156244430243968989e-03
9.635265982523561054e-04
9.564285981468855901e-04
9.736531634628772369e-04
9.775820313394070413e-04
9.267175759002565984e-04
1.090623390376567860e-03
9.582229729555547752e-04
1.060562902241945354e-03
9.151583638601004786e-04
1.121825352106243373e-03
9.065323377214372282e-04
1.047271760292351221e-03
9.634611336141824184e-04
1.260511334836482943e-03
8.508451871201396172e-04
1.401896208003163436e-03
9.432871968671679768e-04
9.693511260673404011e-04
1.042125348821282488e-03
1.115838397964835204e-03
9.220620813965797660e-04
8.215605153888464428e-04
1.086151762641966332e-03
1.245316153336316302e-03
1.082248216755688115e-03
8.648811463266611443e-04
1.675302731376141331e-03
1.148948561623692544e-03
1.205593066327273781e-03
9.936087450012564236e-04
1.281937288604676753e-03
9.428685510158538478e-04
1.015420244410634044e-03
8.557300264015793492e-04
1.169918857850134287e-03
9.566325610131025219e-04
1.123359806984663110e-03
9.905029204487800047e-04
9.418565725162625097e-04
1.084753589276224320e-03
1.250285718971863450e-03
8.792737851664423569e-04
1.031554325446486448e-03
9.779273074120283047e-04
1.085673846527934012e-03
1.018923635911196451e-03
1.345034865187481063e-03
9.434709422290324995e-04
9.577296958118676961e-04
1.130339305028319396e-03
1.323255157563835421e-03
8.007947416976094347e-04
1.028605517297983239e-03
1.203241122830659132e-03
9.398527302965522081e-04
1.014696582108736041e-03
1.037067621275782579e-03
1.162377678826451242e-03
1.079243773110210962e-03
9.518625254556536399e-04
1.248386697005480443e-03
8.838453054428100069e-04
1.479550909660756492e-03
8.267099680751561867e-04
9.849191337265074137e-04
9.773681706562638034e-04
1.029324152208864734e-03
1.102620915435254629e-03
9.610607250779867102e-04
9.219112256355583906e-04
1.163445308245718377e-03
1.079324033111333766e-03
1.197260525040328609e-03
9.203402822092175434e-04
9.135639985278249265e-04
1.000123218316584760e-03
1.218359564654529102e-03
8.881354080513119984e-04
9.641459279879927837e-04
1.031629374511539889e-03
9.698281110450625211e-04
9.345808646827936418e-04
1.166312686949968341e-03
9.570391665771604004e-04
8.963213943317532850e-04
9.147792306914926059e-04
1.496607762053608860e-03
8.509469578415155156e-04
1.171019557900726841e-03
8.298930575139820253e-04
1.036921539977192844e-03
8.636434833332896086e-04
1.097275292053818616e-03
9.347269166260957539e-04
1.053762984219938593e-03
1.145004081595689003e-03
8.317816725745797671e-04
1.116735336259007394e-03
1.056848017517477258e-03
8.069248102977871892e-04
1.047019987143576244e-03
1.065896718204021416e-03
1.052526387982070542e-03
1.120155140515416859e-03
9.561302402429282211e-04
1.362905319463461737e-03
9.012097600847482175e-04
8.940129355713725620e-04
9.856164550408720929e-04
1.012579177953302914e-03
1.193339209742844045e-03
9.507272079959511440e-04
8.725251598469913007e-04
1.154461724329739706e-03
9.735109335184097311e-04
8.549218667298555526e-04
1.067824199646711259e-03
1.050855697188526373e-03
9.276619422063231424e-04
9.764071229659021002e-04
1.053455867320299147e-03
9.266410458087921643e-04
1.035605016425251990e-03
9.384388697892427893e-04
1.145847229324281321e-03
8.558092392049730136e-04
9.553124171867966551e-04
1.261654777601361197e-03
1.224379785172641363e-03
7.991620685532689269e-04
9.608844038844108985e-04
1.424158404469490040e-03
8.049878469482064014e-04
9.520833325386047780e-04
9.313305699452758320e-04
1.004236466810107210e-03
1.534454825073480657e-03
1.053908579535782312e-03
8.022960079275071521e-04
9.611644743010402036e-04
1.024541728459298648e-03
9.664152903482317678e-04
9.326129301264881807e-04
1.082723492756485851e-03
1.043888948857784205e-03
1.188301056735217550e-03
9.706229465082287598e-04
9.665413793362677072e-04
1.709249095879495240e-03
7.253319524228573354e-04
9.683848409354686975e-04
9.384168486669659890e-04
1.078792662573978397e-03
1.101701738592237136e-03
9.619290444068610401e-04
9.773280843719839728e-04
1.011660522632300881e-03
9.164045853540301158e-04
1.081162191219627901e-03
8.529409080743789858e-04
1.033917918689548996e-03
1.470791302165016471e-03
8.374474567361176293e-04
8.273126523941755437e-04
1.000727312341332352e-03
1.065517414994537849e-03
8.838801217451691498e-04
1.217553974054753864e-03
8.312299008667469293e-04
1.016478581875562620e-03
1.025253678113222100e-03
9.142714578658342516e-04
9.563440311886369904e-04
9.127024770155549218e-04
1.013932862002402558e-03
1.024426227845251502e-03
1.176636982876807505e-03
8.134954518079758144e-04
1.233471811227500412e-03
8.458359611034393152e-04
1.470882660169154331e-03
7.578312985412776794e-04
9.629499245248734863e-04
1.026793490294366975e-03
9.401906317844986680e-04
9.872649381682276331e-04
1.159593221023678738e-03
8.350300953537225911e-04
1.165510730966925687e-03
8.311074656248093086e-04
1.667761892136186350e-03
7.196968460269272550e-04
1.036750274077057835e-03
1.016519973427057293e-03
1.168933497592806840e-03
1.056445794962346642e-03
9.481025178916752203e-04
1.085454741567373283e-03
9.854977525770665294e-04
1.228523642085492659e-03
1.233276722840964765e-03
9.339520671963691748e-04
1.357821868034079669e-03
7.864927203208208579e-04
9.042065457068383964e-04
1.107412628624588257e-03
9.927778520062565878e-04
8.800484025664627235e-04
1.099768556207418547e-03
8.824718858301639022e-04
9.428678485378622727e-04
9.546729625016450596e-04
1.154601971060037610e-03
1.083663130905479282e-03
1.015115028135478567e-03
1.074178716950118483e-03
1.112391725443303636e-03
8.724360616318881578e-04
1.115657932367175803e-03
1.112574634589254914e-03
1.616826400384306899e-03
8.164493158273398825e-04
9.260909270122647668e-04
9.500446417182684079e-04
7.750298845767974402e-04
1.051211681924760395e-03
1.044915856830775812e-03
9.539209805428982072e-04
1.027067142389714817e-03
8.561125414445996777e-04
1.125042522773146529e-03
9.609102614410221926e-04
9.205271002650260766e-04
1.077749387975782168e-03
9.013836984336375978e-04
1.173584760315716288e-03
1.108253796305507443e-03
9.505407382175326114e-04
1.003701151665300183e-03
1.002485611997544664e-03
1.000426991768181258e-03
9.567604504991323233e-04
9.015372848510742583e-04
1.017885033525526596e-03
1.083929457589983885e-03
1.131391325369477275e-03
1.815371205564588223e-03
7.994171302579342877e-04
9.555465774238109571e-04
1.158161063939332994e-03
8.816069821640849270e-04
9.901631869189441489e-04
1.025015700012445359e-03
8.839437631890177238e-04
1.002962150350213003e-03
9.384216558560729482e-04
1.005120007283985669e-03
9.629400890879333394e-04
8.772668755054473548e-04
9.459285240992904020e-04
1.084157651979476139e-03
1.083401118498295490e-03
8.737329215370118500e-04
9.605707949027419371e-04
1.803774461485445520e-03
8.960114806145430067e-04
8.933088296093046402e-04
9.317776453495025223e-04
1.384679586905986038e-03
7.998736450821160781e-04
1.090094082392752128e-03
9.376123723387717879e-04
9.415266409516334948e-04
9.139909457229078047e-04
1.157184492461383425e-03
9.086805960908532530e-04
1.242540946695953712e-03
9.013635724410414777e-04
9.157324876636266505e-04
9.377374896034597817e-04
9.768317372165619388e-04
8.858545302413403568e-04
9.270693009719252085e-04
1.704841341692954221e-03
7.240164694562554060e-04
9.285363247245550676e-04
1.045233981851488364e-03
1.002157229445874674e-03
1.264399118386209074e-03
9.927895123511552063e-04
8.945143766328692144e-04
1.349712240882217909e-03
1.034594009742140696e-03
9.724903764575719379e-04
1.047101204469799967e-03
8.908990794233977726e-04
1.116576620656996918e-03
8.755227691866457980e-04
1.153923226203769532e-03
7.999098658002912849e-04
1.103223282564431453e-03
9.712248790636658505e-04
9.794455465860665670e-04
1.127511103022843606e-03
1.220252458304166765e-03
7.849467989429831849e-04
9.693025159835815018e-04
8.617565780133009399e-04
1.009884907826781369e-03
9.979001329466700813e-04
9.331515132263302603e-04
1.192390195280313391e-03
8.861492222175001814e-04
1.006456007473170711e-03
9.917607597075403167e-04
8.502039821073413117e-04
1.055781772565096525e-03
8.981379154697060338e-04
1.127932220734655924e-03
8.305658565461635466e-04
9.668225698173046629e-04
9.135082010179758610e-04
9.856497067213059425e-04
9.583467847853898878e-04
1.149242489039897959e-03
1.117803655378520446e-03
9.464156280085444031e-04
1.034090127162635335e-03
1.008725238479673755e-03
1.017993042431771661e-03
1.049101214278489250e-03
1.313207978559657830e-03
8.457795533910393267e-04
1.090350305624306158e-03
1.208847877066582428e-03
8.669187887385488081e-04
1.249083844032138676e-03
7.729340185597538548e-04
8.947964365221559900e-04
1.018638560492545267e-03
9.285964223742484893e-04
1.275573479384183940e-03
8.900624800845981103e-04
1.002909785807132650e-03
1.011639550607651428e-03
9.304207445308566166e-04
8.564298805594443937e-04
1.099704962335526981e-03
9.247270854189992102e-04
9.586378857679664920e-04
9.273320770636201381e-04
9.375068779662251717e-04
1.095024364218115734e-03
9.819515367597341036e-04
9.003412053734064641e-04
8.946135183982551441e-04
1.093845223262905966e-03
1.064688856881111905e-03
9.248218380659818877e-04
8.670870262943207799e-04
9.724638370797038548e-04
8.677009833790361908e-04
1.179173746816813842e-03
1.032324348762631450e-03
1.064145059045404264e-03
8.284456595964729544e-04
1.097051796019077406e-03
8.923686630278825343e-04
9.170749846845865092e-04
9.963664242811501922e-04
1.081095213480293788e-03
9.379887036979198730e-04
1.153030993379652609e-03
1.091436813920736246e-03
1.440925216171890519e-03
9.977699077129364123e-04
7.781268381699919323e-04
8.784574030339717789e-04
1.025021726563572853e-03
9.421255630813539332e-04
1.053400833308696695e-03
1.022773761693388309e-03
8.625667455047368766e-04
1.053177876211702779e-03
9.079564356803893543e-04
1.044735733494162521e-03
9.474809677526355167e-04
8.834134045615792174e-04
1.000488822869956534e-03
9.824876851215959446e-04
1.029047309551387943e-03
8.545793898031115061e-04
1.199380596354603827e-03
9.522736662998795365e-04
8.518026083335280023e-04
9.250937902927398740e-04
9.273451049625873336e-04
1.069572264403104850e-03
9.736796162649989650e-04
1.046323883570730731e-03
1.169107079729437854e-03
8.938745973072945682e-04
9.224700977653265375e-04
9.504688020423055026e-04
1.094476681314408796e-03
9.854929744265972756e-04
1.176252867616713093e-03
1.053833812549710355e-03
8.304206996411085109e-04
1.632548637278378014e-03
1.412238712292164609e-03
7.562818512879312385e-04
8.104817223921418137e-04
1.550591389853507368e-03
8.651352074742317544e-04
1.254372717924416005e-03
9.738312154076993622e-04
9.205230135656892847e-04
1.350445525273680702e-03
9.684001835808158168e-04
1.216553004980087298e-03
9.101578084751963836e-04
1.059437884092330907e-03
8.152254175022244581e-04
9.257228538021445696e-04
1.144662775769829735e-03
1.013973895609378804e-03
7.785117017291485987e-04
1.068239864464849221e-03
1.124997251331806255e-03
1.125612025726586670e-03
8.499371369555592430e-04
1.080779359675943787e-03
1.053300911318510742e-03
1.079057397395372488e-03
9.015364070981740554e-04
9.029693005979061524e-04
1.013538215979933833e-03
9.841114157624541656e-04
1.032041506916284591e-03
8.630855914764105821e-04
9.159285269491374178e-04
9.740646944940090307e-04
1.180131147950887714e-03
9.430903596803545631e-04
1.130897618215531133e-03
8.574466706626116983e-04
9.553659554570912782e-04
9.645974364876747607e-04
1.056531867533922180e-03
8.972691978700458870e-04
1.092531991377472837e-03
9.594438723288476476e-04
9.554893792606890561e-04
9.026218781061470841e-04
8.568949748203158034e-04
1.269439464323222693e-03
8.446373401395976645e-04
9.757223562896251293e-04
1.556403402872383497e-03
8.737479568272829003e-04
9.685147480666636988e-04
9.931073148921132701e-04
1.144087671339511772e-03
1.534106372464448314e-03
9.507498034089803757e-04
8.759270185604691112e-04
9.659218915738165216e-04
8.834734622575342962e-04
1.347175186220556488e-03
7.662227328494191671e-04
1.344579682052135516e-03
9.592674332112074423e-04
9.811575040221214277e-04
9.281331662088632270e-04
1.002293133549392269e-03
1.042700163498520849e-03
1.648405001722276107e-03
8.665372620522976280e-04
8.726314484328031662e-04
9.383148941770196342e-04
8.538373462110757355e-04
9.949218539893626891e-04
1.118296333383768902e-03
1.121090815588831864e-03
1.243368774019181769e-03
8.468407215550541670e-04
8.568630182743072234e-04
9.802104941010474255e-04
1.118740822598338200e-03
1.382213013134896791e-03
9.808995237015187031e-04
1.058109291791915936e-03
9.029298181086778223e-04
8.911537994816899405e-04
1.109719230309128869e-03
9.598916844464837990e-04
9.706278659217059237e-04
8.563224740885198166e-04
1.260927914679050394e-03
8.060477291792631427e-04
9.240084063075482959e-04
9.040996865369379815e-04
1.075673150084912677e-03
8.491296254843473754e-04
9.672550147026777500e-04
1.077741811648011286e-03
1.043997324276715573e-03
8.361132263019681408e-04
8.992624028585850977e-04
1.092570426985621512e-03
8.353534298762678792e-04
9.679045086354017089e-04
1.223903894014656503e-03
8.740088501200080377e-04
1.033319154661148679e-03
9.077646387554705321e-04
1.117155033871531549e-03
7.877089865878224252e-04
9.954684708267450000e-04
9.282192486524581997e-04
9.146106671541929471e-04
1.047015278954058952e-03
1.089451125487685308e-03
1.136038532219827259e-03
8.268673882819712554e-04
9.796416012570262170e-04
9.688205364719033701e-04
8.490877225995063782e-04
9.074838127568363860e-04
9.385425938293337966e-04
9.601948611624538900e-04
9.014132891595363732e-04
1.299637521933764191e-03
7.721486936509609506e-04
1.208802034631371479e-03
7.695190269313752912e-04
9.302817379683255873e-04
1.099644689578562970e-03
